-7.186224798387097490e-01
-5.574638104838709474e-01
-5.844042338709675155e-01
-7.413997983870969088e-01
-4.972926411290321536e-01
-6.355382056451613915e-01
-6.543737903225808061e-01
-4.497021169354838421e-01
-5.067281249999999737e-01
-5.063298387096775155e-01
-3.901004032258065246e-01
-6.257044354838708911e-01
-5.094750000000000112e-01
-5.677460685483870506e-01
-5.001251008064515613e-01
-6.005785282258063740e-01
-5.514861895161289329e-01
-5.970350806451611980e-01
-5.118235887096773684e-01
-3.900148185483870988e-01
-3.640923387096774988e-01
-3.480538306451613217e-01
-3.959068548387096875e-01
-5.008360887096774405e-01
-5.494445564516129421e-01
-4.255085685483870339e-01
-4.779731854838708549e-01
-3.096774193548386678e-01
-3.702970766129031754e-01
-2.769807459677418593e-01
-4.524489919354838241e-01
-3.187648185483870633e-01
-5.812590725806451308e-01
-3.892182459677419049e-01
-3.827921370967741765e-01
-3.892182459677419604e-01
-4.124794354838708932e-01
-2.626209677419354960e-01
-3.228423387096773789e-01
-4.003826612903225723e-01
-4.954279233870967358e-01
-2.977164314516128618e-01
-3.654229838709677769e-01
-3.344050403225806156e-01
-3.367536290322580839e-01
-3.564713709677419518e-01
-4.044601814516128879e-01
-3.195613911290322018e-01
-3.433566532258064963e-01
-2.657661290322581027e-01
-2.715725806451612656e-01
-2.563306451612903381e-01
-2.649695564516129642e-01
-2.949695564516128243e-01
-2.003225806451612856e-01
-2.989112903225805695e-01
-2.748535282258064982e-01
-2.308064516129031962e-01
-3.215116935483871008e-01
-2.868145161290322487e-01
-1.640322580645161565e-01
-3.295309475806451616e-01
-2.622226814516128712e-01
-2.366129032258064147e-01
-2.564162298387097083e-01
-2.684274193548386034e-01
-3.416277217741935379e-01
-2.451662298387096428e-01
-2.877468749999999575e-01
-2.985130040322580558e-01
-2.967840725806452085e-01
-2.635533266129032604e-01
-2.362146169354838177e-01
-1.913709677419355160e-01
-2.514565524193548285e-01
-1.850806451612903303e-01
-1.927016129032257941e-01
-2.622226814516128712e-01
-2.183113911290322506e-01
-1.806048387096774455e-01
-1.824193548387096908e-01
-1.850806451612903303e-01
-1.703225806451612867e-01
-2.352822580645161088e-01
-1.245967741935483514e-01
-1.837500000000000244e-01
-1.532661290322580583e-01
-1.666935483870967682e-01
-2.003225806451612856e-01
-2.317388104838709051e-01
-2.321370967741935576e-01
-2.505241935483871196e-01
-2.012549395161290222e-01
-2.442338709677418784e-01
-1.787903225806451168e-01
-1.681097782258064166e-01
-1.913709677419354604e-01
-2.164968750000000053e-01
-1.824193548387096631e-01
-1.958467741935483453e-01
-2.048839717741935684e-01
-1.802065524193547930e-01
-1.882258064516128537e-01
-1.824193548387096908e-01
-1.671774193548386800e-01
-1.322177419354838568e-01
-1.806048387096773900e-01
-1.792741935483871119e-01
-1.398387096774193483e-01
-2.075452620967742356e-01
-2.106048387096773611e-01
-1.017338709677419184e-01
-1.201209677419354527e-01
-1.582258064516129104e-01
-1.443145161290322609e-01
-2.263306451612903392e-01
-1.290725806451613056e-01
-1.398387096774193206e-01
-1.653629032258064069e-01
-1.353629032258064357e-01
-1.671774193548387077e-01
-1.322177419354838290e-01
-1.474596774193548121e-01
-1.519354838709677524e-01
-1.062096774193548310e-01
-1.214516129032257863e-01
-1.017338709677419323e-01
-1.461290322580645062e-01
-1.806048387096773900e-01
-1.245967741935483514e-01
-1.474596774193548121e-01
-2.021370967741935865e-01
-1.393548387096774088e-01
-1.004032258064515987e-01
-1.124999999999999611e-01
-1.716532258064516203e-01
-7.754032258064515182e-02
-1.398387096774193206e-01
-1.017338709677419184e-01
-7.306451612903225312e-02
-1.277419354838709720e-01
-1.353629032258064080e-01
-1.398387096774193483e-01
-1.080241935483870624e-01
-1.595564516129032440e-01
-1.366935483870967694e-01
-1.429838709677418995e-01
-1.487903225806451457e-01
-1.138306451612903086e-01
-1.398387096774193206e-01
-1.474596774193547843e-01
-9.725806451612901971e-02
-1.048790322580644835e-01
-1.169758064516128876e-01
-1.380241935483871030e-01
-1.035483870967741638e-01
-6.677419354838709520e-02
-8.830645161290322231e-02
-1.277419354838709442e-01
-1.004032258064515987e-01
-8.516129032258062947e-02
-9.278225806451612101e-02
-1.169758064516128876e-01
-6.544354838709677546e-02
-9.278225806451610713e-02
-7.306451612903225312e-02
-1.366935483870967694e-01
-1.080241935483870763e-01
-1.017338709677419323e-01
-8.201612903225806439e-02
-9.725806451612901971e-02
-9.725806451612901971e-02
-5.782258064516129087e-02
-2.733870967741935595e-02
-5.782258064516129087e-02
-9.907258064516126506e-02
-3.943548387096774271e-02
-8.963709677419352817e-02
-7.306451612903225312e-02
-1.080241935483870902e-01
-1.335483870967741626e-01
-8.068548387096773078e-02
-9.411290322580644074e-02
-6.096774193548386983e-02
-1.304032258064516114e-01
-5.334677419354838523e-02
-9.278225806451612101e-02
-1.017338709677419184e-01
-9.725806451612901971e-02
-6.229838709677419650e-02
-1.385080645161289870e-01
-8.068548387096773078e-02
-4.572580645161290064e-02
-6.229838709677419650e-02
-5.334677419354838523e-02
-3.810483870967741604e-02
-7.306451612903225312e-02
-7.754032258064515182e-02
-9.278225806451610713e-02
-7.754032258064515182e-02
-1.004032258064515848e-01
-5.467741935483871191e-02
-8.963709677419352817e-02
-7.439516129032258673e-02
-8.830645161290322231e-02
-4.705645161290322731e-02
-7.754032258064515182e-02
-3.495967741935483708e-02
-4.705645161290322731e-02
-3.495967741935483708e-02
-7.754032258064515182e-02
-7.439516129032257286e-02
-8.516129032258064335e-02
-3.810483870967741604e-02
-6.229838709677419650e-02
-5.334677419354838523e-02
-8.201612903225806439e-02
-6.096774193548386983e-02
-7.620967741935483208e-02
-6.544354838709677546e-02
-3.495967741935483708e-02
-3.495967741935483708e-02
-3.810483870967741604e-02
-3.048387096774193492e-02
-7.439516129032257286e-02
-4.572580645161290064e-02
-3.810483870967741604e-02
-5.334677419354838523e-02
-3.810483870967741604e-02
-6.991935483870967416e-02
-5.467741935483871191e-02
-8.516129032258062947e-02
-7.439516129032257286e-02
-3.048387096774193492e-02
-6.858870967741935443e-02
-3.943548387096774271e-02
-2.286290322580645032e-02
-4.572580645161290064e-02
-5.782258064516129087e-02
-2.286290322580645032e-02
-2.733870967741935595e-02
-3.495967741935483708e-02
-3.048387096774193492e-02
-7.754032258064516570e-02
-5.334677419354838523e-02
-5.020161290322580627e-02
-1.971774193548387136e-02
-7.620967741935483729e-03
-6.991935483870967416e-02
-3.810483870967741604e-02
-2.286290322580645032e-02
-6.991935483870967416e-02
-5.782258064516129087e-02
-5.020161290322580627e-02
-6.544354838709677546e-02
-2.286290322580645032e-02
0.000000000000000000e+00
-4.258064516129032168e-02
-5.782258064516129087e-02
-2.286290322580645032e-02
-3.048387096774193492e-02
-3.048387096774193492e-02
-4.572580645161290064e-02
-3.495967741935483708e-02
-3.810483870967741604e-02
-4.572580645161290064e-02
-3.048387096774193492e-02
-7.620967741935483729e-03
-3.048387096774193492e-02
-4.391129032258064835e-02
-4.258064516129032168e-02
-3.495967741935483708e-02
-2.286290322580645032e-02
-4.258064516129032168e-02
-2.286290322580645032e-02
-1.524193548387096746e-02
-4.258064516129032168e-02
-1.524193548387096746e-02
-7.620967741935483729e-03
-3.810483870967741604e-02
-3.048387096774193492e-02
-7.306451612903225312e-02
-3.048387096774193492e-02
-7.620967741935483729e-03
-2.286290322580645032e-02
-2.286290322580645032e-02
-3.495967741935483708e-02
-2.286290322580645032e-02
-1.209677419354838850e-02
-2.286290322580645032e-02
-2.733870967741935595e-02
-1.524193548387096746e-02
-1.524193548387096746e-02
-5.020161290322580627e-02
-1.971774193548387136e-02
-4.572580645161290064e-02
-2.286290322580645032e-02
-2.286290322580645032e-02
-4.705645161290322731e-02
-1.971774193548387136e-02
-2.286290322580645032e-02
-1.524193548387096746e-02
-2.286290322580645032e-02
0.000000000000000000e+00
0.000000000000000000e+00
-3.048387096774193492e-02
-3.495967741935483708e-02
-2.286290322580645032e-02
-1.524193548387096746e-02
-2.286290322580645032e-02
-7.620967741935483729e-03
-1.524193548387096746e-02
-1.524193548387096746e-02
-7.620967741935483729e-03
-7.620967741935483729e-03
-3.048387096774193492e-02
-3.048387096774193492e-02
-3.048387096774193492e-02
-3.048387096774193492e-02
-3.495967741935483708e-02
-3.495967741935483708e-02
-7.620967741935483729e-03
-1.524193548387096746e-02
0.000000000000000000e+00
0.000000000000000000e+00
-7.620967741935483729e-03
-2.286290322580645032e-02
-7.620967741935483729e-03
-2.286290322580645032e-02
-7.620967741935483729e-03
-1.971774193548387136e-02
0.000000000000000000e+00
-1.524193548387096746e-02
-7.620967741935483729e-03
-2.733870967741935595e-02
-2.286290322580645032e-02
0.000000000000000000e+00
-1.524193548387096746e-02
-2.286290322580645032e-02
-1.524193548387096746e-02
-1.524193548387096746e-02
0.000000000000000000e+00
-3.810483870967741604e-02
-2.286290322580645032e-02
-2.419354838709677699e-02
-7.620967741935483729e-03
-7.620967741935483729e-03
-1.524193548387096746e-02
-7.620967741935483729e-03
0.000000000000000000e+00
-7.620967741935483729e-03
-2.286290322580645032e-02
-1.524193548387096746e-02
-1.524193548387096746e-02
-1.524193548387096746e-02
-1.524193548387096746e-02
0.000000000000000000e+00
-1.524193548387096746e-02
-7.620967741935483729e-03
-2.286290322580645032e-02
-3.048387096774193492e-02
0.000000000000000000e+00
-7.620967741935483729e-03
0.000000000000000000e+00
-1.524193548387096746e-02
0.000000000000000000e+00
-1.524193548387096746e-02
-7.620967741935483729e-03
-7.620967741935483729e-03
-1.971774193548387136e-02
0.000000000000000000e+00
-7.620967741935483729e-03
0.000000000000000000e+00
0.000000000000000000e+00
-1.524193548387096746e-02
-1.524193548387096746e-02
0.000000000000000000e+00
-7.620967741935483729e-03
-7.620967741935483729e-03
-7.620967741935483729e-03
-7.620967741935483729e-03
-7.620967741935483729e-03
0.000000000000000000e+00
-7.620967741935483729e-03
-1.524193548387096746e-02
-7.620967741935483729e-03
-1.524193548387096746e-02
-1.524193548387096746e-02
0.000000000000000000e+00
-1.524193548387096746e-02
0.000000000000000000e+00
-7.620967741935483729e-03
0.000000000000000000e+00
0.000000000000000000e+00
0.000000000000000000e+00
-1.524193548387096746e-02
-7.620967741935483729e-03
-1.524193548387096746e-02
-7.620967741935483729e-03
0.000000000000000000e+00
-1.524193548387096746e-02
-7.620967741935483729e-03
0.000000000000000000e+00
0.000000000000000000e+00
0.000000000000000000e+00
-1.524193548387096746e-02
-7.620967741935483729e-03
-7.620967741935483729e-03
-1.524193548387096746e-02
0.000000000000000000e+00
0.000000000000000000e+00
0.000000000000000000e+00
-7.620967741935483729e-03
-1.209677419354838850e-02
0.000000000000000000e+00
0.000000000000000000e+00
0.000000000000000000e+00
-1.524193548387096746e-02
-7.620967741935483729e-03
0.000000000000000000e+00
0.000000000000000000e+00
0.000000000000000000e+00
-7.620967741935483729e-03
0.000000000000000000e+00
0.000000000000000000e+00
0.000000000000000000e+00
0.000000000000000000e+00
0.000000000000000000e+00
-1.524193548387096746e-02
0.000000000000000000e+00
0.000000000000000000e+00
-7.620967741935483729e-03
-7.620967741935483729e-03
-7.620967741935483729e-03
0.000000000000000000e+00
-7.620967741935483729e-03
0.000000000000000000e+00
-7.620967741935483729e-03
-7.620967741935483729e-03
-7.620967741935483729e-03
-7.620967741935483729e-03
0.000000000000000000e+00
0.000000000000000000e+00
0.000000000000000000e+00
-7.620967741935483729e-03
-1.524193548387096746e-02
-7.620967741935483729e-03
0.000000000000000000e+00
0.000000000000000000e+00
-1.524193548387096746e-02
-7.620967741935483729e-03
0.000000000000000000e+00
0.000000000000000000e+00
-7.620967741935483729e-03
0.000000000000000000e+00
0.000000000000000000e+00
0.000000000000000000e+00
0.000000000000000000e+00
0.000000000000000000e+00
-7.620967741935483729e-03
-7.620967741935483729e-03
0.000000000000000000e+00
-7.620967741935483729e-03
0.000000000000000000e+00
0.000000000000000000e+00
0.000000000000000000e+00
-1.524193548387096746e-02
0.000000000000000000e+00
0.000000000000000000e+00
-7.620967741935483729e-03
0.000000000000000000e+00
0.000000000000000000e+00
0.000000000000000000e+00
0.000000000000000000e+00
0.000000000000000000e+00
-7.620967741935483729e-03
0.000000000000000000e+00
0.000000000000000000e+00
0.000000000000000000e+00
-7.620967741935483729e-03
0.000000000000000000e+00
0.000000000000000000e+00
0.000000000000000000e+00
0.000000000000000000e+00
0.000000000000000000e+00
0.000000000000000000e+00
-7.620967741935483729e-03
0.000000000000000000e+00
0.000000000000000000e+00
-7.620967741935483729e-03
-7.620967741935483729e-03
0.000000000000000000e+00
0.000000000000000000e+00
0.000000000000000000e+00
-7.620967741935483729e-03
0.000000000000000000e+00
0.000000000000000000e+00
0.000000000000000000e+00
0.000000000000000000e+00
-7.620967741935483729e-03
-7.620967741935483729e-03
0.000000000000000000e+00
-7.620967741935483729e-03
0.000000000000000000e+00
0.000000000000000000e+00
-7.620967741935483729e-03
0.000000000000000000e+00
0.000000000000000000e+00
0.000000000000000000e+00
0.000000000000000000e+00
0.000000000000000000e+00
0.000000000000000000e+00
0.000000000000000000e+00
0.000000000000000000e+00
0.000000000000000000e+00
0.000000000000000000e+00
0.000000000000000000e+00
0.000000000000000000e+00
-7.620967741935483729e-03
0.000000000000000000e+00
0.000000000000000000e+00
0.000000000000000000e+00
0.000000000000000000e+00
0.000000000000000000e+00
0.000000000000000000e+00
0.000000000000000000e+00
0.000000000000000000e+00
0.000000000000000000e+00
0.000000000000000000e+00
0.000000000000000000e+00
-7.620967741935483729e-03
-7.620967741935483729e-03
0.000000000000000000e+00
-7.620967741935483729e-03
0.000000000000000000e+00
-7.620967741935483729e-03
0.000000000000000000e+00
0.000000000000000000e+00
0.000000000000000000e+00
0.000000000000000000e+00
-7.620967741935483729e-03
0.000000000000000000e+00
0.000000000000000000e+00
0.000000000000000000e+00
0.000000000000000000e+00
0.000000000000000000e+00
0.000000000000000000e+00
0.000000000000000000e+00
0.000000000000000000e+00
0.000000000000000000e+00
0.000000000000000000e+00
0.000000000000000000e+00
0.000000000000000000e+00
0.000000000000000000e+00
-7.620967741935483729e-03
0.000000000000000000e+00
0.000000000000000000e+00
0.000000000000000000e+00
0.000000000000000000e+00
0.000000000000000000e+00
0.000000000000000000e+00
0.000000000000000000e+00
0.000000000000000000e+00
0.000000000000000000e+00
0.000000000000000000e+00
0.000000000000000000e+00
0.000000000000000000e+00
0.000000000000000000e+00
0.000000000000000000e+00
0.000000000000000000e+00
0.000000000000000000e+00
0.000000000000000000e+00
0.000000000000000000e+00
0.000000000000000000e+00
0.000000000000000000e+00
0.000000000000000000e+00
0.000000000000000000e+00
0.000000000000000000e+00
0.000000000000000000e+00
0.000000000000000000e+00
0.000000000000000000e+00
0.000000000000000000e+00
0.000000000000000000e+00
0.000000000000000000e+00
0.000000000000000000e+00
0.000000000000000000e+00
0.000000000000000000e+00
0.000000000000000000e+00
0.000000000000000000e+00
0.000000000000000000e+00
0.000000000000000000e+00
0.000000000000000000e+00
0.000000000000000000e+00
0.000000000000000000e+00
-7.620967741935483729e-03
0.000000000000000000e+00
0.000000000000000000e+00
0.000000000000000000e+00
0.000000000000000000e+00
-7.620967741935483729e-03
