-2.184391518899234885e+00
-2.336185268979610097e+00
-2.350377893464870471e+00
-2.352538656903881975e+00
-2.113428701835611712e+00
-2.469718272430651673e+00
-2.056479274956966030e+00
-2.302134045214457636e+00
-1.747156598745455813e+00
-1.963386404010014186e+00
-1.964534299321792465e+00
-2.608157829601205790e+00
-1.792273168504409320e+00
-1.936592462288239780e+00
-1.983626547958956543e+00
-1.886457865338735385e+00
-2.252918352757618869e+00
-2.439103921279258014e+00
-1.891446241515986726e+00
-2.347153231945649843e+00
-2.407898710176292756e+00
-1.912393026627282611e+00
-1.950728048458450603e+00
-2.081394700006441667e+00
-2.351024095765106736e+00
-2.217982547181978514e+00
-1.954316905112132741e+00
-1.745582378530204481e+00
-1.747988410545488813e+00
-2.367124546625577253e+00
-2.119161094623083219e+00
-1.920659898679198507e+00
-1.996315479577595031e+00
-1.977788381190044298e+00
-2.188392602764282824e+00
-1.985536383537672256e+00
-1.973887061716773861e+00
-2.007056714518394180e+00
-2.026092103791309551e+00
-2.007657383190906586e+00
-1.910606973339062042e+00
-2.190545624602775465e+00
-1.973887061716773861e+00
-1.981125072501603634e+00
-1.985536383537672256e+00
-1.981125072501603634e+00
-2.007056714518394180e+00
-1.860755050616552442e+00
-2.004134898641189544e+00
-2.047012869013440373e+00
-2.021686028942315083e+00
-2.021686028942315083e+00
-2.971161595901936181e+00
-1.603200074033364286e+00
-1.603200074033364286e+00
-1.603200074033364286e+00
-1.614523465825508763e+00
-1.603200074033364286e+00
-1.603200074033364286e+00
-1.603200074033364286e+00
-1.603200074033364286e+00
-1.610165072450395307e+00
-1.603200074033364286e+00
-1.603200074033364286e+00
-1.603200074033364286e+00
-1.610165072450395307e+00
-1.603200074033364286e+00
-1.633695477390227024e+00
-1.603200074033364286e+00
-1.610165072450395307e+00
-1.603200074033364286e+00
-1.603200074033364286e+00
-1.610165072450395307e+00
-1.603200074033364286e+00
-1.603200074033364286e+00
-1.614523465825508763e+00
-1.603200074033364286e+00
-1.603200074033364286e+00
-1.614523465825508763e+00
-1.610165072450395307e+00
-1.610165072450395307e+00
-1.603200074033364286e+00
-1.603200074033364286e+00
-1.614523465825508763e+00
-1.603200074033364286e+00
-1.614523465825508763e+00
-1.610165072450395307e+00
-1.603200074033364286e+00
-1.603200074033364286e+00
-1.603200074033364286e+00
-1.614523465825508763e+00
-1.603200074033364286e+00
-1.610165072450395307e+00
-1.614523465825508763e+00
-1.610165072450395307e+00
-1.603200074033364286e+00
-1.603200074033364286e+00
-1.603200074033364286e+00
-1.610165072450395307e+00
-1.603200074033364286e+00
-1.603200074033364286e+00
-1.603200074033364286e+00
-1.603200074033364286e+00
-1.603200074033364286e+00
-1.603200074033364286e+00
-1.603200074033364286e+00
-1.614523465825508763e+00
-1.610165072450395307e+00
-1.603200074033364286e+00
-1.610165072450395307e+00
-1.603200074033364286e+00
-1.610165072450395307e+00
-1.603200074033364286e+00
-1.603200074033364286e+00
-1.603200074033364286e+00
-1.603200074033364286e+00
-1.603200074033364286e+00
-1.610165072450395307e+00
-1.603200074033364286e+00
-1.610165072450395307e+00
-1.603200074033364286e+00
-1.610165072450395307e+00
-1.610165072450395307e+00
-1.603200074033364286e+00
-1.603200074033364286e+00
-1.610165072450395307e+00
-1.603200074033364286e+00
-1.603200074033364286e+00
-1.603200074033364286e+00
-1.603200074033364286e+00
-1.614523465825508763e+00
-1.603200074033364286e+00
-1.603200074033364286e+00
-1.603200074033364286e+00
-1.614523465825508763e+00
-1.603200074033364286e+00
-1.614523465825508763e+00
-1.603200074033364286e+00
-1.603200074033364286e+00
-1.603200074033364286e+00
-1.603200074033364286e+00
-1.614523465825508763e+00
-1.610165072450395307e+00
-1.614523465825508763e+00
-1.603200074033364286e+00
-1.603200074033364286e+00
-1.603200074033364286e+00
-1.610165072450395307e+00
-1.603200074033364286e+00
-1.603200074033364286e+00
-1.603200074033364286e+00
-1.610165072450395307e+00
-1.603200074033364286e+00
-1.603200074033364286e+00
-1.610165072450395307e+00
-1.603200074033364286e+00
-1.610165072450395307e+00
-1.603200074033364286e+00
-1.603200074033364286e+00
-1.603200074033364286e+00
-1.610165072450395307e+00
-1.614523465825508763e+00
-1.603200074033364286e+00
-1.603200074033364286e+00
-1.603200074033364286e+00
-1.603200074033364286e+00
-1.603200074033364286e+00
-1.603200074033364286e+00
-1.603200074033364286e+00
-1.614523465825508763e+00
-1.603200074033364286e+00
-1.603200074033364286e+00
-1.603200074033364286e+00
-1.610165072450395307e+00
-1.603200074033364286e+00
-1.603200074033364286e+00
-1.603200074033364286e+00
-1.603200074033364286e+00
-1.603200074033364286e+00
-1.603200074033364286e+00
-1.603200074033364286e+00
-1.603200074033364286e+00
-1.603200074033364286e+00
-1.603200074033364286e+00
-1.603200074033364286e+00
-1.603200074033364286e+00
-1.610165072450395307e+00
-1.603200074033364286e+00
-1.603200074033364286e+00
-1.610165072450395307e+00
-1.603200074033364286e+00
-1.603200074033364286e+00
-1.603200074033364286e+00
-1.603200074033364286e+00
-1.603200074033364286e+00
-1.603200074033364286e+00
-1.603200074033364286e+00
-1.610165072450395307e+00
-1.603200074033364286e+00
-1.603200074033364286e+00
-1.603200074033364286e+00
-1.603200074033364286e+00
-1.603200074033364286e+00
-1.610165072450395307e+00
-1.603200074033364286e+00
-1.603200074033364286e+00
-1.603200074033364286e+00
-1.603200074033364286e+00
-1.603200074033364286e+00
-1.603200074033364286e+00
-1.603200074033364286e+00
-1.614523465825508763e+00
-1.603200074033364286e+00
-1.603200074033364286e+00
-1.603200074033364286e+00
-1.614523465825508763e+00
-1.603200074033364286e+00
-1.603200074033364286e+00
-1.610165072450395307e+00
-1.603200074033364286e+00
-1.603200074033364286e+00
-1.603200074033364286e+00
-1.603200074033364286e+00
-1.603200074033364286e+00
-1.603200074033364286e+00
-1.603200074033364286e+00
-1.603200074033364286e+00
-1.603200074033364286e+00
-1.603200074033364286e+00
-1.603200074033364286e+00
-1.603200074033364286e+00
-1.603200074033364286e+00
-1.610165072450395307e+00
-1.603200074033364286e+00
-1.603200074033364286e+00
-1.610165072450395307e+00
-1.603200074033364286e+00
-1.603200074033364286e+00
-1.603200074033364286e+00
-1.603200074033364286e+00
-1.603200074033364286e+00
-1.610165072450395307e+00
-1.603200074033364286e+00
-1.603200074033364286e+00
-1.603200074033364286e+00
-1.603200074033364286e+00
-1.614523465825508763e+00
-1.603200074033364286e+00
-1.603200074033364286e+00
-1.603200074033364286e+00
-1.603200074033364286e+00
-1.603200074033364286e+00
-1.603200074033364286e+00
-1.610165072450395307e+00
-1.603200074033364286e+00
-1.603200074033364286e+00
-1.603200074033364286e+00
-1.603200074033364286e+00
-1.603200074033364286e+00
-1.603200074033364286e+00
-1.603200074033364286e+00
-1.610165072450395307e+00
-1.603200074033364286e+00
-1.603200074033364286e+00
-1.603200074033364286e+00
-1.603200074033364286e+00
-1.603200074033364286e+00
-1.603200074033364286e+00
-1.603200074033364286e+00
-1.603200074033364286e+00
-1.603200074033364286e+00
-1.603200074033364286e+00
-1.603200074033364286e+00
-1.603200074033364286e+00
-1.603200074033364286e+00
-1.603200074033364286e+00
-1.603200074033364286e+00
-1.603200074033364286e+00
-1.603200074033364286e+00
-1.603200074033364286e+00
-1.603200074033364286e+00
-1.603200074033364286e+00
-1.610165072450395307e+00
-1.603200074033364286e+00
-1.603200074033364286e+00
-1.603200074033364286e+00
-1.603200074033364286e+00
-1.603200074033364286e+00
-1.603200074033364286e+00
-1.603200074033364286e+00
-1.603200074033364286e+00
-1.603200074033364286e+00
-1.603200074033364286e+00
-1.603200074033364286e+00
-1.603200074033364286e+00
-1.603200074033364286e+00
-1.603200074033364286e+00
-1.603200074033364286e+00
-1.603200074033364286e+00
-1.614523465825508763e+00
-1.603200074033364286e+00
-1.603200074033364286e+00
-1.603200074033364286e+00
-1.603200074033364286e+00
-1.603200074033364286e+00
-1.603200074033364286e+00
-1.603200074033364286e+00
-1.603200074033364286e+00
-1.603200074033364286e+00
-1.603200074033364286e+00
-1.610165072450395307e+00
-1.603200074033364286e+00
-1.603200074033364286e+00
-1.603200074033364286e+00
-1.603200074033364286e+00
-1.603200074033364286e+00
-1.603200074033364286e+00
-1.603200074033364286e+00
-1.603200074033364286e+00
-1.603200074033364286e+00
-1.603200074033364286e+00
-1.603200074033364286e+00
-1.603200074033364286e+00
-1.603200074033364286e+00
-1.610165072450395307e+00
-1.603200074033364286e+00
-1.603200074033364286e+00
-1.603200074033364286e+00
-1.603200074033364286e+00
-1.603200074033364286e+00
-1.603200074033364286e+00
-1.603200074033364286e+00
-1.603200074033364286e+00
-1.603200074033364286e+00
-1.603200074033364286e+00
-1.603200074033364286e+00
-1.603200074033364286e+00
-1.603200074033364286e+00
-1.603200074033364286e+00
-1.603200074033364286e+00
-1.603200074033364286e+00
-1.610165072450395307e+00
-1.603200074033364286e+00
-1.603200074033364286e+00
-1.603200074033364286e+00
-1.603200074033364286e+00
-1.603200074033364286e+00
-1.603200074033364286e+00
-1.603200074033364286e+00
-1.603200074033364286e+00
-1.603200074033364286e+00
-1.603200074033364286e+00
-1.603200074033364286e+00
-1.603200074033364286e+00
-1.603200074033364286e+00
-1.603200074033364286e+00
-1.603200074033364286e+00
-1.603200074033364286e+00
-1.603200074033364286e+00
-1.603200074033364286e+00
-1.603200074033364286e+00
-1.603200074033364286e+00
-1.603200074033364286e+00
-1.603200074033364286e+00
-1.603200074033364286e+00
-1.603200074033364286e+00
-1.603200074033364286e+00
-1.603200074033364286e+00
-1.603200074033364286e+00
-1.603200074033364286e+00
-1.603200074033364286e+00
-1.603200074033364286e+00
-1.603200074033364286e+00
-1.603200074033364286e+00
-1.603200074033364286e+00
-1.603200074033364286e+00
-1.603200074033364286e+00
-1.603200074033364286e+00
-1.603200074033364286e+00
-1.603200074033364286e+00
-1.603200074033364286e+00
-1.603200074033364286e+00
-1.603200074033364286e+00
-1.603200074033364286e+00
-1.603200074033364286e+00
-1.603200074033364286e+00
-1.603200074033364286e+00
-1.603200074033364286e+00
-1.603200074033364286e+00
-1.603200074033364286e+00
-1.603200074033364286e+00
-1.603200074033364286e+00
-1.603200074033364286e+00
-1.603200074033364286e+00
-1.603200074033364286e+00
-1.603200074033364286e+00
-1.603200074033364286e+00
-1.603200074033364286e+00
-1.603200074033364286e+00
-1.603200074033364286e+00
-1.603200074033364286e+00
-1.603200074033364286e+00
-1.603200074033364286e+00
-1.603200074033364286e+00
-1.603200074033364286e+00
-1.603200074033364286e+00
-1.603200074033364286e+00
-1.603200074033364286e+00
-1.603200074033364286e+00
-1.603200074033364286e+00
-1.603200074033364286e+00
-1.603200074033364286e+00
-1.603200074033364286e+00
-1.603200074033364286e+00
-1.603200074033364286e+00
-1.603200074033364286e+00
-1.603200074033364286e+00
-1.603200074033364286e+00
-1.603200074033364286e+00
-1.603200074033364286e+00
-1.603200074033364286e+00
-1.603200074033364286e+00
-1.603200074033364286e+00
-1.603200074033364286e+00
-1.603200074033364286e+00
-1.603200074033364286e+00
-1.603200074033364286e+00
-1.603200074033364286e+00
-1.603200074033364286e+00
-1.603200074033364286e+00
-1.603200074033364286e+00
-1.603200074033364286e+00
-1.603200074033364286e+00
-1.603200074033364286e+00
-1.603200074033364286e+00
-1.603200074033364286e+00
-1.603200074033364286e+00
-1.603200074033364286e+00
-1.603200074033364286e+00
-1.603200074033364286e+00
-1.603200074033364286e+00
-1.603200074033364286e+00
-1.603200074033364286e+00
-1.603200074033364286e+00
-1.603200074033364286e+00
-1.603200074033364286e+00
-1.603200074033364286e+00
-1.603200074033364286e+00
-1.603200074033364286e+00
-1.603200074033364286e+00
-1.603200074033364286e+00
-1.603200074033364286e+00
-1.603200074033364286e+00
-1.603200074033364286e+00
-1.603200074033364286e+00
-1.603200074033364286e+00
-1.610165072450395307e+00
-1.603200074033364286e+00
-1.603200074033364286e+00
-1.603200074033364286e+00
-1.603200074033364286e+00
-1.603200074033364286e+00
-1.603200074033364286e+00
-1.603200074033364286e+00
-1.603200074033364286e+00
-1.603200074033364286e+00
-1.603200074033364286e+00
-1.603200074033364286e+00
-1.603200074033364286e+00
-1.603200074033364286e+00
-1.603200074033364286e+00
-1.603200074033364286e+00
-1.603200074033364286e+00
-1.603200074033364286e+00
-1.603200074033364286e+00
-1.603200074033364286e+00
-1.603200074033364286e+00
-1.603200074033364286e+00
-1.603200074033364286e+00
-1.603200074033364286e+00
-1.603200074033364286e+00
-1.603200074033364286e+00
-1.603200074033364286e+00
-1.603200074033364286e+00
-1.603200074033364286e+00
-1.603200074033364286e+00
-1.603200074033364286e+00
-1.603200074033364286e+00
-1.603200074033364286e+00
-1.603200074033364286e+00
-1.603200074033364286e+00
-1.603200074033364286e+00
-1.603200074033364286e+00
-1.603200074033364286e+00
-1.603200074033364286e+00
-1.603200074033364286e+00
-1.603200074033364286e+00
-1.603200074033364286e+00
-1.603200074033364286e+00
-1.603200074033364286e+00
-1.603200074033364286e+00
-1.603200074033364286e+00
-1.603200074033364286e+00
-1.603200074033364286e+00
-1.603200074033364286e+00
-1.603200074033364286e+00
-1.603200074033364286e+00
-1.603200074033364286e+00
-1.603200074033364286e+00
-1.603200074033364286e+00
-1.603200074033364286e+00
-1.603200074033364286e+00
-1.603200074033364286e+00
-1.603200074033364286e+00
-1.603200074033364286e+00
-1.603200074033364286e+00
-1.603200074033364286e+00
-1.603200074033364286e+00
-1.603200074033364286e+00
-1.603200074033364286e+00
-1.603200074033364286e+00
-1.603200074033364286e+00
-1.603200074033364286e+00
-1.603200074033364286e+00
-1.603200074033364286e+00
-1.603200074033364286e+00
-1.603200074033364286e+00
-1.603200074033364286e+00
-1.603200074033364286e+00
-1.603200074033364286e+00
-1.603200074033364286e+00
-1.603200074033364286e+00
-1.603200074033364286e+00
-1.603200074033364286e+00
-1.603200074033364286e+00
-1.603200074033364286e+00
-1.603200074033364286e+00
-1.603200074033364286e+00
-1.603200074033364286e+00
-1.603200074033364286e+00
-1.603200074033364286e+00
-1.603200074033364286e+00
-1.603200074033364286e+00
-1.603200074033364286e+00
-1.603200074033364286e+00
-1.603200074033364286e+00
-1.603200074033364286e+00
-1.603200074033364286e+00
-1.603200074033364286e+00
-1.603200074033364286e+00
-1.603200074033364286e+00
-1.603200074033364286e+00
-1.603200074033364286e+00
-1.603200074033364286e+00
-1.603200074033364286e+00
-1.603200074033364286e+00
-1.603200074033364286e+00
-1.603200074033364286e+00
-1.603200074033364286e+00
-1.603200074033364286e+00
-1.603200074033364286e+00
-1.603200074033364286e+00
-1.603200074033364286e+00
-1.603200074033364286e+00
-1.603200074033364286e+00
-1.603200074033364286e+00
-1.603200074033364286e+00
-1.603200074033364286e+00
-1.603200074033364286e+00
-1.603200074033364286e+00
-1.603200074033364286e+00
-1.603200074033364286e+00
-1.603200074033364286e+00
-1.603200074033364286e+00
-1.603200074033364286e+00
-1.603200074033364286e+00
-1.603200074033364286e+00
-1.603200074033364286e+00
-1.603200074033364286e+00
-1.603200074033364286e+00
-1.603200074033364286e+00
-1.603200074033364286e+00
-1.603200074033364286e+00
-1.603200074033364286e+00
-1.603200074033364286e+00
-1.603200074033364286e+00
-1.603200074033364286e+00
-1.603200074033364286e+00
-1.603200074033364286e+00
-1.603200074033364286e+00
-1.603200074033364286e+00
-1.603200074033364286e+00
-1.603200074033364286e+00
-1.603200074033364286e+00
-1.603200074033364286e+00
-1.603200074033364286e+00
-1.603200074033364286e+00
-1.603200074033364286e+00
-1.603200074033364286e+00
-1.603200074033364286e+00
