-7.388742943548386455e-01
-5.443490927419353254e-01
-6.104625000000000190e-01
-5.754526209677420789e-01
-7.299226814516125428e-01
-6.706336693548387018e-01
-6.844593749999999810e-01
-6.598675403225805480e-01
-7.441466733870968353e-01
-6.023074596774192768e-01
-5.573782258064515771e-01
-5.916269153225806043e-01
-5.466976814516127936e-01
-5.376604838709676537e-01
-6.265010080645159185e-01
-5.422218749999999643e-01
-6.019091733870965966e-01
-5.965010080645161139e-01
-4.797877016129031835e-01
-4.934364919354839452e-01
-4.578069556451613287e-01
-3.775197580645160977e-01
-5.135525201612903823e-01
-5.449687500000000018e-01
-5.587944556451611700e-01
-4.487697580645161333e-01
-5.462993951612903354e-01
-3.868696572580644921e-01
-4.071214717741934996e-01
-4.511183467741936015e-01
-3.461035282258064227e-01
-3.603275201612902712e-01
-3.568696572580645765e-01
-4.519651209677418291e-01
-4.888751008064515791e-01
-4.442939516129031374e-01
-3.116277217741935668e-01
-4.169552419354838335e-01
-3.361339717741935185e-01
-3.932957661290322759e-01
-3.354229838709678058e-01
-3.972375000000000211e-01
-2.666984879032258116e-01
-3.667034274193549104e-01
-2.321370967741934743e-01
-2.281953629032258124e-01
-3.326761088709677128e-01
-3.367536290322580284e-01
-2.927065524193548374e-01
-2.918243951612902731e-01
-3.228423387096773789e-01
-3.057356854838710336e-01
-3.752567540322581663e-01
-3.087952620967741035e-01
-2.676308467741934649e-01
-3.021922379032258021e-01
-2.836693548387096420e-01
-2.832710685483870727e-01
-2.891631048387097169e-01
-2.581451612903226112e-01
-2.707760080645160716e-01
-3.259874999999999856e-01
-3.021922379032258021e-01
-3.029888104838710516e-01
-2.187096774193548199e-01
-3.115421370967741410e-01
-3.384825604838709312e-01
-1.474596774193548121e-01
-2.590775201612903200e-01
-2.138355846774193103e-01
-2.187096774193548754e-01
-2.891631048387096614e-01
-2.263306451612903114e-01
-2.546017137096773797e-01
-2.694453629032257935e-01
-2.066129032258064158e-01
-1.913709677419354882e-01
-2.263306451612903392e-01
-2.393597782258064244e-01
-2.289919354838709231e-01
-2.227871975806451632e-01
-2.518548387096773977e-01
-1.958467741935483453e-01
-3.074646169354838809e-01
-2.168951612903225468e-01
-1.967791330645161096e-01
-2.218548387096774266e-01
-2.564664314516128529e-01
-1.443145161290322331e-01
-1.900403225806451546e-01
-1.348790322580644963e-01
-1.461290322580645062e-01
-1.671774193548386800e-01
-2.473790322580645129e-01
-2.380291330645161740e-01
-1.681097782258064721e-01
-1.407710685483871127e-01
-2.129032258064516292e-01
-2.491935483870967860e-01
-2.062146169354839020e-01
-1.698387096774193195e-01
-1.958467741935483453e-01
-1.169758064516128876e-01
-2.034677419354838646e-01
-1.564112903225806095e-01
-2.079435483870966939e-01
-1.093548387096773961e-01
-1.245967741935483791e-01
-1.882258064516128815e-01
-1.850806451612903025e-01
-1.640322580645161010e-01
-1.487903225806451180e-01
-1.519354838709677524e-01
-2.168951612903225745e-01
-2.321370967741935298e-01
-1.322177419354838568e-01
-1.124999999999999750e-01
-1.080241935483870624e-01
-1.582258064516128826e-01
-1.245967741935483653e-01
-1.093548387096774099e-01
-1.398387096774193206e-01
-1.868951612903225201e-01
-1.429838709677419273e-01
-1.443145161290322054e-01
-1.035483870967741776e-01
-1.353629032258064357e-01
-1.398387096774192928e-01
-1.792741935483871119e-01
-1.156451612903225540e-01
-1.322177419354838290e-01
-1.277419354838709442e-01
-1.487903225806451457e-01
-1.277419354838709442e-01
-1.671774193548386522e-01
-9.278225806451612101e-02
-1.716532258064516203e-01
-1.519354838709677247e-01
-1.201209677419354527e-01
-1.653629032258064346e-01
-1.833517137096773997e-01
-8.068548387096773078e-02
-1.582258064516128826e-01
-1.658467741935483464e-01
-1.232661290322580455e-01
-1.322177419354838290e-01
-7.620967741935483208e-02
-1.429838709677418995e-01
-8.068548387096773078e-02
-1.093548387096774099e-01
-9.725806451612901971e-02
-9.278225806451612101e-02
-1.232661290322580316e-01
-1.259274193548386989e-01
-1.080241935483870763e-01
-1.398387096774193206e-01
-7.754032258064516570e-02
-9.725806451612903358e-02
-1.366935483870967694e-01
-9.725806451612903358e-02
-1.124999999999999889e-01
-8.516129032258062947e-02
-6.229838709677419650e-02
-1.169758064516128876e-01
-8.516129032258062947e-02
-9.278225806451610713e-02
-8.963709677419354205e-02
-7.754032258064515182e-02
-1.080241935483870763e-01
-6.229838709677419650e-02
-1.093548387096773961e-01
-8.516129032258064335e-02
-1.048790322580644974e-01
-7.754032258064515182e-02
-9.858870967741935332e-02
-1.017338709677419323e-01
-8.516129032258062947e-02
-1.017338709677419323e-01
-7.306451612903225312e-02
-5.782258064516129087e-02
-5.334677419354838523e-02
-8.201612903225805051e-02
-1.169758064516128876e-01
-8.830645161290320844e-02
-9.907258064516126506e-02
-5.467741935483871191e-02
-6.544354838709677546e-02
-1.080241935483870763e-01
-8.963709677419354205e-02
-8.383064516129030974e-02
-6.991935483870967416e-02
-1.048790322580644974e-01
-9.725806451612900583e-02
-6.229838709677419650e-02
-6.677419354838709520e-02
-1.124999999999999611e-01
-9.592741935483868609e-02
-1.214516129032258002e-01
-8.963709677419352817e-02
-6.229838709677419650e-02
-5.020161290322580627e-02
-4.572580645161290064e-02
-5.334677419354838523e-02
-7.439516129032258673e-02
-8.516129032258062947e-02
-6.991935483870967416e-02
-7.439516129032258673e-02
-6.096774193548386983e-02
-5.020161290322580627e-02
-6.991935483870967416e-02
-6.229838709677419650e-02
-6.544354838709677546e-02
-3.495967741935483708e-02
-6.858870967741935443e-02
-4.572580645161290064e-02
-4.572580645161290064e-02
-5.020161290322580627e-02
-8.383064516129030974e-02
-3.048387096774193492e-02
-4.572580645161290064e-02
-3.495967741935483708e-02
-8.830645161290320844e-02
-5.782258064516129087e-02
-8.830645161290322231e-02
-2.733870967741935595e-02
-8.649193548387096309e-02
-7.754032258064515182e-02
-1.524193548387096746e-02
-7.306451612903225312e-02
-3.810483870967741604e-02
-3.048387096774193492e-02
-4.572580645161290064e-02
-5.467741935483871191e-02
-3.048387096774193492e-02
-3.495967741935483708e-02
-6.544354838709677546e-02
-5.782258064516129087e-02
-4.258064516129032168e-02
-7.620967741935483729e-03
-4.258064516129032168e-02
-5.020161290322580627e-02
-3.810483870967741604e-02
-5.020161290322580627e-02
-1.524193548387096746e-02
-5.334677419354838523e-02
-4.258064516129032168e-02
-5.467741935483871191e-02
-7.754032258064515182e-02
-2.286290322580645032e-02
-2.733870967741935595e-02
-6.096774193548386983e-02
-9.278225806451610713e-02
-3.048387096774193492e-02
-1.524193548387096746e-02
-3.810483870967741604e-02
-2.286290322580645032e-02
-1.524193548387096746e-02
-3.810483870967741604e-02
-6.544354838709677546e-02
-3.048387096774193492e-02
-1.524193548387096746e-02
-1.524193548387096746e-02
-3.048387096774193492e-02
-3.048387096774193492e-02
-4.258064516129032168e-02
-7.620967741935483729e-03
-2.286290322580645032e-02
-6.096774193548386983e-02
-7.620967741935483729e-03
-3.048387096774193492e-02
-2.733870967741935595e-02
-3.048387096774193492e-02
-2.733870967741935595e-02
-3.048387096774193492e-02
-3.048387096774193492e-02
-4.572580645161290064e-02
-3.943548387096774271e-02
-7.620967741935483729e-03
-2.286290322580645032e-02
-2.286290322580645032e-02
-2.286290322580645032e-02
-2.733870967741935595e-02
-4.258064516129032168e-02
-2.286290322580645032e-02
-5.020161290322580627e-02
0.000000000000000000e+00
-2.286290322580645032e-02
-2.286290322580645032e-02
-3.810483870967741604e-02
-1.524193548387096746e-02
-7.620967741935483729e-03
-1.524193548387096746e-02
-1.524193548387096746e-02
0.000000000000000000e+00
-3.810483870967741604e-02
-1.524193548387096746e-02
-7.620967741935483729e-03
-3.048387096774193492e-02
-2.286290322580645032e-02
-3.810483870967741604e-02
-2.286290322580645032e-02
-1.524193548387096746e-02
-4.572580645161290064e-02
-3.048387096774193492e-02
-7.620967741935483729e-03
-5.020161290322580627e-02
-1.524193548387096746e-02
-7.620967741935483729e-03
0.000000000000000000e+00
-7.620967741935483729e-03
-1.524193548387096746e-02
-3.048387096774193492e-02
-3.810483870967741604e-02
-1.524193548387096746e-02
-2.286290322580645032e-02
-2.286290322580645032e-02
-7.620967741935483729e-03
-7.620967741935483729e-03
-2.286290322580645032e-02
-2.286290322580645032e-02
-1.524193548387096746e-02
-7.620967741935483729e-03
0.000000000000000000e+00
-2.733870967741935595e-02
-1.524193548387096746e-02
-1.524193548387096746e-02
-1.524193548387096746e-02
-7.620967741935483729e-03
0.000000000000000000e+00
-3.810483870967741604e-02
-2.286290322580645032e-02
-7.620967741935483729e-03
-3.048387096774193492e-02
-2.286290322580645032e-02
-7.620967741935483729e-03
-2.286290322580645032e-02
-3.048387096774193492e-02
-7.620967741935483729e-03
-7.620967741935483729e-03
-1.524193548387096746e-02
-1.971774193548387136e-02
-1.524193548387096746e-02
-7.620967741935483729e-03
-2.286290322580645032e-02
-1.524193548387096746e-02
-7.620967741935483729e-03
0.000000000000000000e+00
-7.620967741935483729e-03
-7.620967741935483729e-03
0.000000000000000000e+00
-2.286290322580645032e-02
-7.620967741935483729e-03
-7.620967741935483729e-03
-2.286290322580645032e-02
0.000000000000000000e+00
0.000000000000000000e+00
-2.286290322580645032e-02
-7.620967741935483729e-03
0.000000000000000000e+00
-7.620967741935483729e-03
-1.971774193548387136e-02
-7.620967741935483729e-03
-1.524193548387096746e-02
-1.524193548387096746e-02
-1.524193548387096746e-02
0.000000000000000000e+00
0.000000000000000000e+00
0.000000000000000000e+00
0.000000000000000000e+00
-7.620967741935483729e-03
-1.524193548387096746e-02
0.000000000000000000e+00
-1.524193548387096746e-02
0.000000000000000000e+00
-1.524193548387096746e-02
-7.620967741935483729e-03
0.000000000000000000e+00
-1.524193548387096746e-02
0.000000000000000000e+00
-7.620967741935483729e-03
-7.620967741935483729e-03
-2.286290322580645032e-02
-7.620967741935483729e-03
-1.524193548387096746e-02
-7.620967741935483729e-03
0.000000000000000000e+00
0.000000000000000000e+00
0.000000000000000000e+00
0.000000000000000000e+00
-1.524193548387096746e-02
-7.620967741935483729e-03
0.000000000000000000e+00
-7.620967741935483729e-03
-1.524193548387096746e-02
0.000000000000000000e+00
-7.620967741935483729e-03
0.000000000000000000e+00
0.000000000000000000e+00
0.000000000000000000e+00
-7.620967741935483729e-03
-7.620967741935483729e-03
0.000000000000000000e+00
0.000000000000000000e+00
0.000000000000000000e+00
0.000000000000000000e+00
-1.524193548387096746e-02
0.000000000000000000e+00
-7.620967741935483729e-03
-7.620967741935483729e-03
-7.620967741935483729e-03
-7.620967741935483729e-03
-7.620967741935483729e-03
-7.620967741935483729e-03
-7.620967741935483729e-03
0.000000000000000000e+00
-7.620967741935483729e-03
-7.620967741935483729e-03
0.000000000000000000e+00
-1.524193548387096746e-02
-7.620967741935483729e-03
-7.620967741935483729e-03
-7.620967741935483729e-03
0.000000000000000000e+00
0.000000000000000000e+00
0.000000000000000000e+00
0.000000000000000000e+00
-7.620967741935483729e-03
-7.620967741935483729e-03
0.000000000000000000e+00
0.000000000000000000e+00
0.000000000000000000e+00
0.000000000000000000e+00
-7.620967741935483729e-03
-7.620967741935483729e-03
0.000000000000000000e+00
0.000000000000000000e+00
0.000000000000000000e+00
-7.620967741935483729e-03
0.000000000000000000e+00
0.000000000000000000e+00
-7.620967741935483729e-03
-7.620967741935483729e-03
0.000000000000000000e+00
-7.620967741935483729e-03
0.000000000000000000e+00
0.000000000000000000e+00
-7.620967741935483729e-03
-1.524193548387096746e-02
0.000000000000000000e+00
0.000000000000000000e+00
0.000000000000000000e+00
0.000000000000000000e+00
-7.620967741935483729e-03
0.000000000000000000e+00
-7.620967741935483729e-03
-7.620967741935483729e-03
0.000000000000000000e+00
-1.524193548387096746e-02
0.000000000000000000e+00
0.000000000000000000e+00
-7.620967741935483729e-03
0.000000000000000000e+00
-7.620967741935483729e-03
-1.524193548387096746e-02
-7.620967741935483729e-03
0.000000000000000000e+00
0.000000000000000000e+00
-7.620967741935483729e-03
0.000000000000000000e+00
0.000000000000000000e+00
0.000000000000000000e+00
-7.620967741935483729e-03
0.000000000000000000e+00
0.000000000000000000e+00
-7.620967741935483729e-03
-7.620967741935483729e-03
-7.620967741935483729e-03
-7.620967741935483729e-03
0.000000000000000000e+00
0.000000000000000000e+00
-7.620967741935483729e-03
0.000000000000000000e+00
0.000000000000000000e+00
-1.209677419354838850e-02
0.000000000000000000e+00
0.000000000000000000e+00
0.000000000000000000e+00
0.000000000000000000e+00
-1.524193548387096746e-02
0.000000000000000000e+00
-7.620967741935483729e-03
0.000000000000000000e+00
0.000000000000000000e+00
0.000000000000000000e+00
0.000000000000000000e+00
0.000000000000000000e+00
0.000000000000000000e+00
0.000000000000000000e+00
0.000000000000000000e+00
0.000000000000000000e+00
0.000000000000000000e+00
-7.620967741935483729e-03
0.000000000000000000e+00
0.000000000000000000e+00
0.000000000000000000e+00
-7.620967741935483729e-03
0.000000000000000000e+00
0.000000000000000000e+00
0.000000000000000000e+00
0.000000000000000000e+00
0.000000000000000000e+00
0.000000000000000000e+00
0.000000000000000000e+00
0.000000000000000000e+00
0.000000000000000000e+00
0.000000000000000000e+00
0.000000000000000000e+00
0.000000000000000000e+00
0.000000000000000000e+00
-7.620967741935483729e-03
0.000000000000000000e+00
0.000000000000000000e+00
0.000000000000000000e+00
0.000000000000000000e+00
0.000000000000000000e+00
0.000000000000000000e+00
0.000000000000000000e+00
0.000000000000000000e+00
0.000000000000000000e+00
0.000000000000000000e+00
0.000000000000000000e+00
-7.620967741935483729e-03
0.000000000000000000e+00
0.000000000000000000e+00
0.000000000000000000e+00
0.000000000000000000e+00
0.000000000000000000e+00
0.000000000000000000e+00
0.000000000000000000e+00
0.000000000000000000e+00
0.000000000000000000e+00
0.000000000000000000e+00
0.000000000000000000e+00
0.000000000000000000e+00
0.000000000000000000e+00
0.000000000000000000e+00
0.000000000000000000e+00
0.000000000000000000e+00
0.000000000000000000e+00
0.000000000000000000e+00
0.000000000000000000e+00
0.000000000000000000e+00
0.000000000000000000e+00
0.000000000000000000e+00
0.000000000000000000e+00
0.000000000000000000e+00
0.000000000000000000e+00
0.000000000000000000e+00
0.000000000000000000e+00
0.000000000000000000e+00
0.000000000000000000e+00
0.000000000000000000e+00
0.000000000000000000e+00
0.000000000000000000e+00
0.000000000000000000e+00
0.000000000000000000e+00
0.000000000000000000e+00
-7.620967741935483729e-03
0.000000000000000000e+00
0.000000000000000000e+00
0.000000000000000000e+00
0.000000000000000000e+00
0.000000000000000000e+00
0.000000000000000000e+00
0.000000000000000000e+00
0.000000000000000000e+00
0.000000000000000000e+00
0.000000000000000000e+00
0.000000000000000000e+00
0.000000000000000000e+00
0.000000000000000000e+00
0.000000000000000000e+00
0.000000000000000000e+00
0.000000000000000000e+00
0.000000000000000000e+00
0.000000000000000000e+00
0.000000000000000000e+00
0.000000000000000000e+00
0.000000000000000000e+00
0.000000000000000000e+00
0.000000000000000000e+00
0.000000000000000000e+00
0.000000000000000000e+00
0.000000000000000000e+00
0.000000000000000000e+00
0.000000000000000000e+00
0.000000000000000000e+00
0.000000000000000000e+00
0.000000000000000000e+00
0.000000000000000000e+00
