-2.295730033456018671e+00
-2.480286657897201152e+00
-2.454970640830860695e+00
-2.193579540923618509e+00
-2.237325657056679074e+00
-2.358325534091586739e+00
-2.055012758762389424e+00
-2.473210333518650383e+00
-2.178387133025769362e+00
-2.672478629293507435e+00
-2.324886526662888198e+00
-2.295818831783422276e+00
-2.276784860969407909e+00
-2.679413843577088006e+00
-2.166050450010532646e+00
-1.793885938375050726e+00
-1.927677352992245075e+00
-2.001557927646294477e+00
-2.269571347864709487e+00
-1.349351573910410940e+00
-2.087304213805269093e+00
-1.792413032399875261e+00
-2.593036552221141822e+00
-2.239702163763332976e+00
-1.907853749526952525e+00
-2.400868884740225973e+00
-1.885059659412166022e+00
-1.838134420547954173e+00
-1.542361376863728539e+00
-1.841860153436468917e+00
-2.067457718518459497e+00
-1.841365768439700679e+00
-2.155371182401767616e+00
-1.817385646927225817e+00
-2.127867300564101782e+00
-2.064934656749400244e+00
-1.992153082615875537e+00
-1.851021014522932662e+00
-2.200651995012755879e+00
-2.327374498547529313e+00
-2.096782502914006141e+00
-2.076592907926677611e+00
-2.106623515925592827e+00
-2.069390599561121480e+00
-1.950170505199415150e+00
-2.082616598120469842e+00
-2.083213816703943344e+00
-2.083213816703943344e+00
-2.113996023771104849e+00
-2.104077303253803155e+00
-2.091718947516562732e+00
-2.109545656698699201e+00
-1.812785530234733766e+00
-2.493096646960728968e+00
-2.069390599561121480e+00
-2.069390599561121480e+00
-2.076592907926677611e+00
-2.069390599561121480e+00
-2.069390599561121480e+00
-2.100253745018441975e+00
-2.069390599561121480e+00
-2.081005324940289114e+00
-2.076592907926677611e+00
-2.069390599561121480e+00
-2.081005324940289114e+00
-2.069390599561121480e+00
-2.081005324940289114e+00
-2.081005324940289114e+00
-2.081005324940289114e+00
-2.069390599561121480e+00
-2.069390599561121480e+00
-2.076592907926677611e+00
-2.076592907926677611e+00
-2.076592907926677611e+00
-2.081005324940289114e+00
-2.069390599561121480e+00
-2.081005324940289114e+00
-2.081005324940289114e+00
-2.069390599561121480e+00
-2.081005324940289114e+00
-2.076592907926677611e+00
-2.069390599561121480e+00
-2.069390599561121480e+00
-2.076592907926677611e+00
-2.069390599561121480e+00
-2.076592907926677611e+00
-2.069390599561121480e+00
-2.081005324940289114e+00
-2.076592907926677611e+00
-2.069390599561121480e+00
-2.076592907926677611e+00
-2.069390599561121480e+00
-2.081005324940289114e+00
-2.069390599561121480e+00
-2.076592907926677611e+00
-2.069390599561121480e+00
-2.081005324940289114e+00
-2.069390599561121480e+00
-2.081005324940289114e+00
-2.069390599561121480e+00
-2.076592907926677611e+00
-2.069390599561121480e+00
-2.081005324940289114e+00
-2.081005324940289114e+00
-2.076592907926677611e+00
-2.081005324940289114e+00
-2.081005324940289114e+00
-2.076592907926677611e+00
-2.069390599561121480e+00
-2.081005324940289114e+00
-2.081005324940289114e+00
-2.069390599561121480e+00
-2.069390599561121480e+00
-2.069390599561121480e+00
-2.069390599561121480e+00
-2.069390599561121480e+00
-2.069390599561121480e+00
-2.069390599561121480e+00
-2.069390599561121480e+00
-2.069390599561121480e+00
-2.069390599561121480e+00
-2.069390599561121480e+00
-2.076592907926677611e+00
-2.069390599561121480e+00
-2.069390599561121480e+00
-2.069390599561121480e+00
-2.069390599561121480e+00
-2.069390599561121480e+00
-2.069390599561121480e+00
-2.069390599561121480e+00
-2.069390599561121480e+00
-2.069390599561121480e+00
-2.069390599561121480e+00
-2.069390599561121480e+00
-2.076592907926677611e+00
-2.069390599561121480e+00
-2.076592907926677611e+00
-2.069390599561121480e+00
-2.069390599561121480e+00
-2.081005324940289114e+00
-2.069390599561121480e+00
-2.069390599561121480e+00
-2.076592907926677611e+00
-2.069390599561121480e+00
-2.069390599561121480e+00
-2.069390599561121480e+00
-2.069390599561121480e+00
-2.076592907926677611e+00
-2.081005324940289114e+00
-2.069390599561121480e+00
-2.069390599561121480e+00
-2.069390599561121480e+00
-2.076592907926677611e+00
-2.069390599561121480e+00
-2.081005324940289114e+00
-2.076592907926677611e+00
-2.069390599561121480e+00
-2.069390599561121480e+00
-2.076592907926677611e+00
-2.069390599561121480e+00
-2.069390599561121480e+00
-2.069390599561121480e+00
-2.081005324940289114e+00
-2.069390599561121480e+00
-2.069390599561121480e+00
-2.069390599561121480e+00
-2.069390599561121480e+00
-2.069390599561121480e+00
-2.069390599561121480e+00
-2.069390599561121480e+00
-2.069390599561121480e+00
-2.069390599561121480e+00
-2.069390599561121480e+00
-2.069390599561121480e+00
-2.069390599561121480e+00
-2.069390599561121480e+00
-2.076592907926677611e+00
-2.069390599561121480e+00
-2.076592907926677611e+00
-2.069390599561121480e+00
-2.069390599561121480e+00
-2.076592907926677611e+00
-2.081005324940289114e+00
-2.069390599561121480e+00
-2.069390599561121480e+00
-2.069390599561121480e+00
-2.076592907926677611e+00
-2.069390599561121480e+00
-2.069390599561121480e+00
-2.076592907926677611e+00
-2.069390599561121480e+00
-2.069390599561121480e+00
-2.069390599561121480e+00
-2.076592907926677611e+00
-2.076592907926677611e+00
-2.069390599561121480e+00
-2.069390599561121480e+00
-2.069390599561121480e+00
-2.069390599561121480e+00
-2.076592907926677611e+00
-2.069390599561121480e+00
-2.069390599561121480e+00
-2.069390599561121480e+00
-2.069390599561121480e+00
-2.069390599561121480e+00
-2.069390599561121480e+00
-2.069390599561121480e+00
-2.069390599561121480e+00
-2.076592907926677611e+00
-2.069390599561121480e+00
-2.069390599561121480e+00
-2.069390599561121480e+00
-2.081005324940289114e+00
-2.069390599561121480e+00
-2.069390599561121480e+00
-2.069390599561121480e+00
-2.069390599561121480e+00
-2.069390599561121480e+00
-2.076592907926677611e+00
-2.069390599561121480e+00
-2.069390599561121480e+00
-2.069390599561121480e+00
-2.069390599561121480e+00
-2.069390599561121480e+00
-2.069390599561121480e+00
-2.069390599561121480e+00
-2.069390599561121480e+00
-2.069390599561121480e+00
-2.069390599561121480e+00
-2.069390599561121480e+00
-2.069390599561121480e+00
-2.076592907926677611e+00
-2.069390599561121480e+00
-2.069390599561121480e+00
-2.069390599561121480e+00
-2.069390599561121480e+00
-2.069390599561121480e+00
-2.076592907926677611e+00
-2.069390599561121480e+00
-2.069390599561121480e+00
-2.069390599561121480e+00
-2.069390599561121480e+00
-2.069390599561121480e+00
-2.069390599561121480e+00
-2.069390599561121480e+00
-2.069390599561121480e+00
-2.069390599561121480e+00
-2.069390599561121480e+00
-2.069390599561121480e+00
-2.069390599561121480e+00
-2.069390599561121480e+00
-2.069390599561121480e+00
-2.069390599561121480e+00
-2.076592907926677611e+00
-2.069390599561121480e+00
-2.069390599561121480e+00
-2.069390599561121480e+00
-2.076592907926677611e+00
-2.069390599561121480e+00
-2.069390599561121480e+00
-2.069390599561121480e+00
-2.069390599561121480e+00
-2.069390599561121480e+00
-2.069390599561121480e+00
-2.069390599561121480e+00
-2.076592907926677611e+00
-2.069390599561121480e+00
-2.069390599561121480e+00
-2.069390599561121480e+00
-2.069390599561121480e+00
-2.069390599561121480e+00
-2.069390599561121480e+00
-2.069390599561121480e+00
-2.069390599561121480e+00
-2.069390599561121480e+00
-2.069390599561121480e+00
-2.069390599561121480e+00
-2.069390599561121480e+00
-2.069390599561121480e+00
-2.069390599561121480e+00
-2.069390599561121480e+00
-2.076592907926677611e+00
-2.069390599561121480e+00
-2.069390599561121480e+00
-2.069390599561121480e+00
-2.076592907926677611e+00
-2.069390599561121480e+00
-2.069390599561121480e+00
-2.069390599561121480e+00
-2.069390599561121480e+00
-2.069390599561121480e+00
-2.069390599561121480e+00
-2.069390599561121480e+00
-2.069390599561121480e+00
-2.069390599561121480e+00
-2.069390599561121480e+00
-2.069390599561121480e+00
-2.069390599561121480e+00
-2.069390599561121480e+00
-2.069390599561121480e+00
-2.069390599561121480e+00
-2.069390599561121480e+00
-2.069390599561121480e+00
-2.069390599561121480e+00
-2.069390599561121480e+00
-2.076592907926677611e+00
-2.069390599561121480e+00
-2.069390599561121480e+00
-2.069390599561121480e+00
-2.069390599561121480e+00
-2.069390599561121480e+00
-2.076592907926677611e+00
-2.069390599561121480e+00
-2.069390599561121480e+00
-2.069390599561121480e+00
-2.069390599561121480e+00
-2.069390599561121480e+00
-2.069390599561121480e+00
-2.069390599561121480e+00
-2.069390599561121480e+00
-2.069390599561121480e+00
-2.069390599561121480e+00
-2.069390599561121480e+00
-2.069390599561121480e+00
-2.069390599561121480e+00
-2.069390599561121480e+00
-2.069390599561121480e+00
-2.069390599561121480e+00
-2.069390599561121480e+00
-2.069390599561121480e+00
-2.069390599561121480e+00
-2.069390599561121480e+00
-2.069390599561121480e+00
-2.069390599561121480e+00
-2.069390599561121480e+00
-2.069390599561121480e+00
-2.069390599561121480e+00
-2.069390599561121480e+00
-2.069390599561121480e+00
-2.069390599561121480e+00
-2.069390599561121480e+00
-2.069390599561121480e+00
-2.069390599561121480e+00
-2.069390599561121480e+00
-2.069390599561121480e+00
-2.069390599561121480e+00
-2.069390599561121480e+00
-2.069390599561121480e+00
-2.069390599561121480e+00
-2.069390599561121480e+00
-2.069390599561121480e+00
-2.069390599561121480e+00
-2.069390599561121480e+00
-2.069390599561121480e+00
-2.069390599561121480e+00
-2.069390599561121480e+00
-2.069390599561121480e+00
-2.069390599561121480e+00
-2.069390599561121480e+00
-2.069390599561121480e+00
-2.069390599561121480e+00
-2.069390599561121480e+00
-2.069390599561121480e+00
-2.069390599561121480e+00
-2.069390599561121480e+00
-2.069390599561121480e+00
-2.069390599561121480e+00
-2.069390599561121480e+00
-2.069390599561121480e+00
-2.069390599561121480e+00
-2.069390599561121480e+00
-2.069390599561121480e+00
-2.069390599561121480e+00
-2.069390599561121480e+00
-2.069390599561121480e+00
-2.069390599561121480e+00
-2.069390599561121480e+00
-2.069390599561121480e+00
-2.069390599561121480e+00
-2.069390599561121480e+00
-2.069390599561121480e+00
-2.069390599561121480e+00
-2.069390599561121480e+00
-2.076592907926677611e+00
-2.069390599561121480e+00
-2.069390599561121480e+00
-2.069390599561121480e+00
-2.069390599561121480e+00
-2.069390599561121480e+00
-2.069390599561121480e+00
-2.069390599561121480e+00
-2.069390599561121480e+00
-2.069390599561121480e+00
-2.069390599561121480e+00
-2.069390599561121480e+00
-2.069390599561121480e+00
-2.069390599561121480e+00
-2.069390599561121480e+00
-2.069390599561121480e+00
-2.069390599561121480e+00
-2.069390599561121480e+00
-2.069390599561121480e+00
-2.069390599561121480e+00
-2.069390599561121480e+00
-2.069390599561121480e+00
-2.069390599561121480e+00
-2.069390599561121480e+00
-2.069390599561121480e+00
-2.069390599561121480e+00
-2.069390599561121480e+00
-2.069390599561121480e+00
-2.069390599561121480e+00
-2.069390599561121480e+00
-2.069390599561121480e+00
-2.069390599561121480e+00
-2.069390599561121480e+00
-2.069390599561121480e+00
-2.069390599561121480e+00
-2.069390599561121480e+00
-2.069390599561121480e+00
-2.069390599561121480e+00
-2.069390599561121480e+00
-2.069390599561121480e+00
-2.069390599561121480e+00
-2.069390599561121480e+00
-2.069390599561121480e+00
-2.069390599561121480e+00
-2.069390599561121480e+00
-2.069390599561121480e+00
-2.069390599561121480e+00
-2.069390599561121480e+00
-2.069390599561121480e+00
-2.069390599561121480e+00
-2.069390599561121480e+00
-2.069390599561121480e+00
-2.069390599561121480e+00
-2.069390599561121480e+00
-2.069390599561121480e+00
-2.069390599561121480e+00
-2.069390599561121480e+00
-2.069390599561121480e+00
-2.069390599561121480e+00
-2.069390599561121480e+00
-2.069390599561121480e+00
-2.069390599561121480e+00
-2.069390599561121480e+00
-2.069390599561121480e+00
-2.069390599561121480e+00
-2.069390599561121480e+00
-2.069390599561121480e+00
-2.069390599561121480e+00
-2.069390599561121480e+00
-2.069390599561121480e+00
-2.069390599561121480e+00
-2.069390599561121480e+00
-2.069390599561121480e+00
-2.069390599561121480e+00
-2.069390599561121480e+00
-2.069390599561121480e+00
-2.069390599561121480e+00
-2.069390599561121480e+00
-2.069390599561121480e+00
-2.069390599561121480e+00
-2.069390599561121480e+00
-2.069390599561121480e+00
-2.069390599561121480e+00
-2.069390599561121480e+00
-2.069390599561121480e+00
-2.069390599561121480e+00
-2.069390599561121480e+00
-2.069390599561121480e+00
-2.069390599561121480e+00
-2.069390599561121480e+00
-2.069390599561121480e+00
-2.069390599561121480e+00
-2.069390599561121480e+00
-2.069390599561121480e+00
-2.069390599561121480e+00
-2.069390599561121480e+00
-2.069390599561121480e+00
-2.069390599561121480e+00
-2.069390599561121480e+00
-2.069390599561121480e+00
-2.069390599561121480e+00
-2.069390599561121480e+00
-2.069390599561121480e+00
-2.069390599561121480e+00
-2.069390599561121480e+00
-2.069390599561121480e+00
-2.069390599561121480e+00
-2.069390599561121480e+00
-2.069390599561121480e+00
-2.069390599561121480e+00
-2.069390599561121480e+00
-2.069390599561121480e+00
-2.069390599561121480e+00
-2.069390599561121480e+00
-2.069390599561121480e+00
-2.069390599561121480e+00
-2.069390599561121480e+00
-2.069390599561121480e+00
-2.069390599561121480e+00
-2.069390599561121480e+00
-2.069390599561121480e+00
-2.069390599561121480e+00
-2.069390599561121480e+00
-2.069390599561121480e+00
-2.069390599561121480e+00
-2.069390599561121480e+00
-2.069390599561121480e+00
-2.069390599561121480e+00
-2.069390599561121480e+00
-2.069390599561121480e+00
-2.069390599561121480e+00
-2.069390599561121480e+00
-2.069390599561121480e+00
-2.069390599561121480e+00
-2.069390599561121480e+00
-2.069390599561121480e+00
-2.069390599561121480e+00
-2.069390599561121480e+00
-2.069390599561121480e+00
-2.069390599561121480e+00
-2.069390599561121480e+00
-2.069390599561121480e+00
-2.069390599561121480e+00
-2.069390599561121480e+00
-2.069390599561121480e+00
-2.069390599561121480e+00
-2.069390599561121480e+00
-2.069390599561121480e+00
-2.069390599561121480e+00
-2.069390599561121480e+00
-2.069390599561121480e+00
-2.069390599561121480e+00
-2.069390599561121480e+00
-2.069390599561121480e+00
-2.069390599561121480e+00
-2.069390599561121480e+00
-2.069390599561121480e+00
-2.069390599561121480e+00
-2.069390599561121480e+00
-2.069390599561121480e+00
-2.069390599561121480e+00
-2.069390599561121480e+00
-2.069390599561121480e+00
-2.069390599561121480e+00
-2.069390599561121480e+00
-2.069390599561121480e+00
-2.069390599561121480e+00
-2.069390599561121480e+00
-2.069390599561121480e+00
-2.069390599561121480e+00
-2.069390599561121480e+00
-2.069390599561121480e+00
-2.069390599561121480e+00
-2.069390599561121480e+00
-2.069390599561121480e+00
-2.069390599561121480e+00
-2.069390599561121480e+00
-2.069390599561121480e+00
-2.069390599561121480e+00
-2.069390599561121480e+00
-2.069390599561121480e+00
-2.069390599561121480e+00
-2.069390599561121480e+00
-2.069390599561121480e+00
-2.069390599561121480e+00
-2.069390599561121480e+00
-2.069390599561121480e+00
-2.069390599561121480e+00
-2.069390599561121480e+00
-2.069390599561121480e+00
-2.069390599561121480e+00
-2.069390599561121480e+00
-2.069390599561121480e+00
-2.069390599561121480e+00
-2.069390599561121480e+00
-2.069390599561121480e+00
-2.069390599561121480e+00
-2.069390599561121480e+00
-2.069390599561121480e+00
-2.069390599561121480e+00
-2.069390599561121480e+00
-2.069390599561121480e+00
-2.069390599561121480e+00
-2.069390599561121480e+00
-2.069390599561121480e+00
-2.069390599561121480e+00
-2.069390599561121480e+00
-2.069390599561121480e+00
-2.069390599561121480e+00
-2.069390599561121480e+00
-2.069390599561121480e+00
-2.069390599561121480e+00
-2.069390599561121480e+00
-2.069390599561121480e+00
-2.069390599561121480e+00
-2.069390599561121480e+00
-2.069390599561121480e+00
