-5.746162572390259848e-01
-5.574709080537268990e-01
-5.768169563815186418e-01
-7.121777520127753336e-01
-6.328999884576229640e-01
-5.651159233029778850e-01
-6.187814762304775229e-01
-5.331409830344898682e-01
-5.853935484156720381e-01
-7.245756130492837510e-01
-8.265064210684218704e-01
-5.870604983374749786e-01
-6.323854160571918959e-01
-5.423931971579015743e-01
-6.317050429927271171e-01
-5.254248262875839126e-01
-7.482222710830898071e-01
-5.493513407510002278e-01
-6.463186938747875754e-01
-8.304535700061663750e-01
-7.205987743985144967e-01
-7.885470313030403799e-01
-7.805289345616249763e-01
-7.673703139279569596e-01
-6.888794684696054604e-01
-7.055986529339511870e-01
-8.496982167016637888e-01
-7.933618761447733814e-01
-7.434549634729868961e-01
-7.501739630888583088e-01
-8.430732100320141864e-01
-8.925111475050198084e-01
-9.420543504283487302e-01
-1.008323574467572703e+00
-9.413317597518126023e-01
-9.450855639512917294e-01
-1.040121796995396863e+00
-8.895620999434823428e-01
-8.674542169086825183e-01
-9.451557816842379722e-01
-9.552689691356940349e-01
-8.986303265522083139e-01
-9.990536175468014424e-01
-8.925559489358938503e-01
-8.618319686695433690e-01
-7.179964626173284126e-01
-8.637627928425533064e-01
-9.103761732311361765e-01
-8.578338095902467986e-01
-1.034097981516965525e+00
-8.023880371344830342e-01
-8.618131273703746320e-01
-1.028842251434232358e+00
-9.521534138366696265e-01
-8.943111694300837078e-01
-8.656692651999534638e-01
-1.054196220023024377e+00
-4.919271615994545432e-01
-9.315101202028347460e-01
-9.223527172723913203e-01
-9.824536251233411122e-01
-1.082235611768414874e+00
-1.029122504268707994e+00
-1.286276061627330103e+00
-4.990574018321142780e-01
-4.994878884585016721e-01
-4.864415837938763088e-01
-5.098556707272529076e-01
-5.121455227165480073e-01
-4.774985467486451141e-01
-4.870042809630542591e-01
-4.773197288416425876e-01
-4.927067672499977347e-01
-4.844798927944353184e-01
-4.926679568363322992e-01
-4.862758040634184709e-01
-4.799199108341932196e-01
-4.904652352635904822e-01
-4.884948077263792654e-01
-4.842798139938799817e-01
-4.873560529553027099e-01
-4.626601214319801536e-01
-4.852419151060802793e-01
-4.972298577102289285e-01
-4.797431921533956145e-01
-4.827061825297983000e-01
-5.059655888516970679e-01
-5.079227983031006088e-01
-4.688530638464460387e-01
-4.708072248354207012e-01
-4.916406584827436310e-01
-4.999422497843404867e-01
-4.888307125719594248e-01
-4.801114929154781108e-01
-4.825823898334667961e-01
-4.714713061439278485e-01
-5.007285435470822943e-01
-4.942249079876059326e-01
-4.763833150705424346e-01
-4.887963487571550525e-01
-5.016794566718972836e-01
-5.015628848841281462e-01
-4.817665185757999402e-01
-4.965422724906733420e-01
-5.011656198745110258e-01
-4.883672674968536076e-01
-4.640178015878315132e-01
-5.005823073461034278e-01
-4.910301988185940547e-01
-4.690311260761528267e-01
-4.865996579677579481e-01
-4.724342295081006005e-01
-5.083115420401836948e-01
-4.709105902632320095e-01
-4.901878600256138752e-01
-4.862158150354862762e-01
-4.607805350137638700e-01
-5.151724467243430361e-01
-4.651016016193145752e-01
-4.765572213131865631e-01
-4.920833817086620043e-01
-4.840062849242435239e-01
-4.645321827573731244e-01
-4.693606437882592020e-01
-4.820345833215552434e-01
-4.814402501398810652e-01
-4.707282900783482660e-01
-4.599299375749807961e-01
-4.879680553597051107e-01
-4.756771009227513947e-01
-4.922402955427855331e-01
-4.788611464718425803e-01
-4.707712619130142717e-01
-4.779792724533639681e-01
-4.802977113281324262e-01
-4.768943989516596926e-01
-4.719986886398446768e-01
-4.848996769120177408e-01
-4.768532993192979852e-01
-4.838800649380412544e-01
-4.849762922365310480e-01
-4.966225223257955679e-01
-4.766312711119800039e-01
-4.588239976685891675e-01
-4.719590820217431371e-01
-4.623667293735950756e-01
-4.877074098196708674e-01
-4.671316376534522252e-01
-4.704305685096311085e-01
-4.640150524302705803e-01
-4.680736521816958873e-01
-4.834063303972366832e-01
-4.673207834536590721e-01
-4.800712680372526409e-01
-5.000419849930760607e-01
-4.839433894385241075e-01
-4.655251289863736597e-01
-4.687821399299206826e-01
-4.563383904716690753e-01
-4.568464369393921420e-01
-4.596033370611372071e-01
-4.674704199776811286e-01
-4.826282496486676288e-01
-4.763233460081061632e-01
-4.746832484490534632e-01
-4.828509858293038581e-01
-4.767700108365793277e-01
-4.618214117406361785e-01
-4.737499506424283080e-01
-4.641954758243087564e-01
-4.706785234832921438e-01
-4.641481335735974656e-01
-4.571176636655105430e-01
-4.677490243363738309e-01
-4.626656389585882545e-01
-4.850519495348200594e-01
-4.702464511351037157e-01
-4.724052637522075937e-01
-4.591794364429665487e-01
-4.718062118972559116e-01
-4.671461321579952197e-01
-4.796347569634639707e-01
-4.588719590140709070e-01
-4.620859446162712270e-01
-4.684469001493147822e-01
-4.677628201401395902e-01
-4.700800752568685126e-01
-4.557440178900820094e-01
-4.672164328528849997e-01
-4.701575437015214076e-01
-4.764804687099339908e-01
-4.646237250818117115e-01
-4.594377724573983079e-01
-4.589735672005130218e-01
-4.593543422028472101e-01
-4.647597578756514358e-01
-4.544143872046585431e-01
-4.562341793917079613e-01
-4.497945352243852835e-01
-4.647873690931074719e-01
-4.682577311416587507e-01
-4.661565147550941202e-01
-4.584570566403005643e-01
-4.622558934163855104e-01
-4.755791026664771270e-01
-4.590821368524732327e-01
-4.649178850987633060e-01
-4.698960923419744917e-01
-4.630819202261967638e-01
-4.676549705987407823e-01
-4.759979153922757056e-01
-4.708033791963794346e-01
-4.541034485166454138e-01
-4.642449510004620916e-01
-4.643222551123839525e-01
-4.621838690320111964e-01
-4.674045054832171031e-01
-4.581188032666144716e-01
-4.605960793843088541e-01
-4.634990656640653461e-01
-4.603745540041710993e-01
-4.683555737184461054e-01
-4.565541748744878503e-01
-4.575600744642603912e-01
-4.646974462034931252e-01
-4.623414553143174732e-01
-4.762167477902413126e-01
-4.616804012526822820e-01
-4.646523012362190341e-01
-4.538673358108451517e-01
-4.658921078646540148e-01
-4.688247713129380378e-01
-4.568614020822655553e-01
-4.615534102032568531e-01
-4.723402284463001366e-01
-4.576668070312721048e-01
-4.624759703155267299e-01
-4.613406030170996153e-01
-4.615291117282695477e-01
-4.642517241343666057e-01
-4.541350345326488069e-01
-4.653438713253381098e-01
-4.600707789839735273e-01
-4.620421447617419908e-01
-4.690375229687642755e-01
-4.530141061961431848e-01
-4.581118728479745550e-01
-4.633297967526363026e-01
-4.651951934670516264e-01
-4.591138341278607760e-01
-4.726807532329304617e-01
-4.500601303719531376e-01
-4.614345023488578001e-01
-4.640040947662951720e-01
-4.665785883908538656e-01
-4.859436418861337592e-01
-4.588341469827362240e-01
-4.618862682397072428e-01
-4.556423897310461490e-01
-4.554278745019432195e-01
-4.604234684392530808e-01
-4.598985369679297053e-01
-4.586629647364048878e-01
-4.702118536879721922e-01
-4.696854894342092912e-01
-4.574693839559959563e-01
-4.717876444298160221e-01
-4.642427344480308249e-01
-4.704791454120286209e-01
-4.696227238839142393e-01
-4.534645492618455398e-01
-4.618908331847591531e-01
-4.604669611707738475e-01
-4.695314134752364144e-01
-4.595064351682360826e-01
-4.715114114874343065e-01
-4.774635274815202113e-01
-4.726268681027609442e-01
-4.553049624517945260e-01
-4.585095859265792551e-01
-4.650765156102164011e-01
-4.591656241552491413e-01
-4.599085620321308743e-01
-4.600037322459515909e-01
-4.610855512657794919e-01
-4.600196525540536374e-01
-4.607136993988909524e-01
-4.645400312184387870e-01
-4.670516719445371723e-01
-4.590487710864522564e-01
-4.566239713835836822e-01
-4.676566727966728898e-01
-4.644877044867081195e-01
-4.590833753037360521e-01
-4.673729081906073390e-01
-4.527145519209160307e-01
-4.553376134355990867e-01
-4.575925197926199450e-01
-4.548025842958892118e-01
-4.611416377416387435e-01
-4.529290161230714040e-01
-4.827874062227536789e-01
-4.669649800187553601e-01
-4.788743406128597169e-01
-4.796009268652615121e-01
-4.756423609784348194e-01
-4.632829574730491506e-01
-4.693055718590233849e-01
-4.718723747609379071e-01
-4.701651304139870535e-01
-4.835155847068733914e-01
-4.803172816155561464e-01
-4.691209231394388168e-01
-4.556833850235609829e-01
-4.618077951441573736e-01
-4.557699449338162845e-01
-4.622577804890234399e-01
-4.729383411368934254e-01
-4.772086731503888957e-01
-4.545708235867887970e-01
-4.638132288333718933e-01
-4.593859208365728697e-01
-4.506639019127299806e-01
-4.598880523868571490e-01
-4.602824772209000437e-01
-4.761108081368704004e-01
-4.857233766754166515e-01
-4.573636135292829530e-01
-4.796637538857081440e-01
-4.746115396048976032e-01
-4.618230927365521432e-01
-4.718888511093266014e-01
-4.612303939761459026e-01
-4.538076455164588574e-01
-4.644284691204554893e-01
-4.739453548494315660e-01
-4.636982822013439032e-01
-4.636077690435604914e-01
-4.606975676167914813e-01
-4.645990950308735434e-01
-4.578127922260300520e-01
-4.621633746934132869e-01
-4.733399060665714475e-01
-4.648447699124911847e-01
-4.604841846903371949e-01
-4.615253294249629379e-01
-4.757502584869903184e-01
-4.529954826849906246e-01
-4.641008914672178909e-01
-4.644038566535375057e-01
-4.581314594780510063e-01
-4.730239473327829680e-01
-4.891450511107145460e-01
-4.665607960235368945e-01
-4.590486414699558870e-01
-4.643339472975193116e-01
-4.652554322899462580e-01
-4.825858580512664142e-01
-4.792548364503739777e-01
-4.642434212644779290e-01
-4.583728160379946792e-01
-4.517805651964572622e-01
-4.604469558571812615e-01
-4.648635458876263504e-01
-4.623093477459465084e-01
-4.565245633971753425e-01
-4.653763941196233933e-01
-4.690491924441398952e-01
-4.807263767931939658e-01
-4.854748624012702463e-01
-4.901233552199477095e-01
-4.921337586317666157e-01
-4.938698221912792286e-01
-4.837809735188495219e-01
-4.759523854562133227e-01
-4.761416317013300592e-01
-4.901233552199477095e-01
-4.910756228001344481e-01
-4.855935037216621009e-01
-4.748509024124701328e-01
-4.617114472209642995e-01
-4.624570238046206150e-01
-4.635267883238133879e-01
-4.910856663933754751e-01
-4.733332067756175765e-01
-4.850647098250157052e-01
-4.903416302127974746e-01
-4.824471358214680872e-01
-4.680460398364914010e-01
-4.727560018573743195e-01
-4.587333549022333257e-01
-4.551988427636146084e-01
-4.643401597349090526e-01
-4.583483635151416324e-01
-4.497710551769429355e-01
-4.801276859279233755e-01
-4.892453301589947401e-01
-4.886486363079096118e-01
-4.886372610332450073e-01
-4.561461691733849633e-01
-4.672473073653848896e-01
-4.668575967235367163e-01
-4.561476463478130183e-01
-4.607949741634539964e-01
-4.819885067709648863e-01
-4.994588041219654717e-01
-4.650418905714019391e-01
-4.671154807987086266e-01
-4.818991731598782358e-01
-4.589483347785758838e-01
-4.533388689914445990e-01
-4.561811743110322226e-01
-4.633741036010310954e-01
-4.748583341280047665e-01
-4.806597133898254381e-01
-4.933690372226572918e-01
-4.931924817327479338e-01
-4.891985734295098420e-01
-4.972176756733417968e-01
-4.611138178796183595e-01
-4.824172852732008243e-01
-4.791500274197121323e-01
-4.877379865588030716e-01
-4.942607922218132388e-01
-4.942958986189781023e-01
-4.834274039344966800e-01
-4.585400211360795009e-01
-4.863451736804089709e-01
-4.843523989110529726e-01
-4.931924817327479338e-01
-4.960247587472791375e-01
-4.938698221912792286e-01
-4.938698221912792286e-01
-4.632894756447137885e-01
-4.681521988868822537e-01
-4.781202728632987231e-01
-4.542975134509527058e-01
-4.602574041331164434e-01
-4.685475434488073909e-01
-4.914772264082576392e-01
-4.942607922218132388e-01
-4.904081451365553956e-01
-4.921337586317666157e-01
-4.877649121068974858e-01
-4.942607922218132388e-01
-4.972176756733417968e-01
-4.938698221912792286e-01
-4.938698221912792286e-01
-4.868284926110685307e-01
-4.931924817327479338e-01
-4.942607922218132388e-01
-4.910756228001344481e-01
-4.903225551971657770e-01
-4.820560124781996802e-01
-4.936698561945745412e-01
-4.869846887146626613e-01
-4.938698221912792286e-01
-4.579753219075371473e-01
-4.864197353248452260e-01
-4.885438989640898955e-01
-4.656041173024824675e-01
-4.991943219449152536e-01
-4.866273430410824052e-01
-4.911243593008772779e-01
-4.659579737296165036e-01
-4.887461215157643535e-01
-4.785362376832130171e-01
-4.886082434915545170e-01
-4.972176756733417968e-01
-4.938698221912792286e-01
-4.938698221912792286e-01
-4.938698221912792286e-01
-4.979791411194044448e-01
-4.856008229775459761e-01
-4.938698221912792286e-01
-4.938698221912792286e-01
-4.979791411194044448e-01
-4.953117533796168037e-01
-4.938698221912792286e-01
-4.931138618579004596e-01
-4.942607922218132388e-01
-4.723342956546951465e-01
-4.911054947144423144e-01
-4.877663078742883185e-01
-4.744581578751594919e-01
-4.569161058332588121e-01
-4.747713920827589251e-01
-4.787283640102781845e-01
-4.998827217238878684e-01
-4.938698221912792286e-01
-4.938698221912792286e-01
-4.938698221912792286e-01
-4.938698221912792286e-01
-4.967544836844644540e-01
-4.835379371604657806e-01
-4.978267290747371843e-01
-4.901233552199477095e-01
-4.897764474266029233e-01
-4.911936819296654488e-01
-4.938698221912792286e-01
-4.696152839163747483e-01
-4.774449158065873222e-01
-4.998827217238878684e-01
-4.901233552199477095e-01
-4.776079706718576734e-01
-4.792064642567992472e-01
-4.933690372226572918e-01
-4.931924817327479338e-01
-4.938698221912792286e-01
-4.938698221912792286e-01
-4.765570071644961159e-01
-4.705501588374830790e-01
-4.856227412298331769e-01
-4.952223378963290790e-01
-4.938698221912792286e-01
-4.979791411194044448e-01
-4.938698221912792286e-01
-4.988808305981573543e-01
-4.938698221912792286e-01
-4.938698221912792286e-01
-4.862618730971631220e-01
-4.886372610332450073e-01
-4.901233552199477095e-01
-4.938698221912792286e-01
-4.843974340259660782e-01
-4.487964606785228572e-01
-4.662017583844346724e-01
-4.921186835141980742e-01
-4.953117533796168037e-01
-4.938698221912792286e-01
-4.953117533796168037e-01
-4.617401897330235538e-01
-4.720395026407565586e-01
-4.942607922218132388e-01
-4.979791411194044448e-01
-4.979791411194044448e-01
-4.963114044786665069e-01
-4.972176756733417968e-01
-4.938698221912792286e-01
-4.938698221912792286e-01
-4.938698221912792286e-01
-4.938698221912792286e-01
-4.938698221912792286e-01
-4.938698221912792286e-01
-4.938698221912792286e-01
-4.938698221912792286e-01
-4.938698221912792286e-01
-4.953117533796168037e-01
-4.938698221912792286e-01
-4.938698221912792286e-01
-4.963114044786665069e-01
-4.938698221912792286e-01
-4.938698221912792286e-01
-4.938698221912792286e-01
-4.938698221912792286e-01
-4.526715808112046768e-01
-4.794347793860482820e-01
-4.679412913332826052e-01
-4.877234271892247341e-01
-4.953117533796168037e-01
-4.938698221912792286e-01
-4.979791411194044448e-01
-4.938698221912792286e-01
-4.938698221912792286e-01
-4.875479979953258880e-01
-4.963114044786665069e-01
-4.931924817327479338e-01
-4.938698221912792286e-01
-4.938698221912792286e-01
-4.790413234202456350e-01
-4.741407222331009974e-01
-4.909307168060185189e-01
-4.938698221912792286e-01
-4.938698221912792286e-01
-4.938698221912792286e-01
-4.979791411194044448e-01
-4.931924817327479338e-01
-4.963114044786665069e-01
-4.938698221912792286e-01
-4.979791411194044448e-01
-4.938698221912792286e-01
-4.938698221912792286e-01
-4.938698221912792286e-01
-4.938698221912792286e-01
-4.931924817327479338e-01
-4.938698221912792286e-01
-4.938698221912792286e-01
-4.979791411194044448e-01
-4.938698221912792286e-01
-4.938698221912792286e-01
-4.938698221912792286e-01
-4.938698221912792286e-01
-4.938698221912792286e-01
-4.938698221912792286e-01
-4.938698221912792286e-01
-4.938698221912792286e-01
-4.938698221912792286e-01
-4.972176756733417968e-01
-4.938698221912792286e-01
-4.938698221912792286e-01
