-6.458204637096770506e-01
-6.961578629032255661e-01
-7.099835685483870673e-01
-5.646864919354839252e-01
-5.525041330645161786e-01
-5.547169354838709099e-01
-8.151341733870969275e-01
-5.624736895161289718e-01
-4.910879032258064769e-01
-6.413446572580643323e-01
-5.637541330645161608e-01
-4.608665322580644541e-01
-5.206896169354838788e-01
-5.295910282258063928e-01
-6.521107862903224861e-01
-4.507200604838709768e-01
-3.909471774193548077e-01
-6.786529233870968181e-01
-4.456245967741934710e-01
-4.138100806451611713e-01
-5.072621975806451688e-01
-5.727057459677419304e-01
-3.964409274193548272e-01
-5.305233870967741572e-01
-5.404929435483871725e-01
-5.273782258064514394e-01
-3.111438508064516273e-01
-3.011742943548386675e-01
-3.550551411290322479e-01
-4.206344758064516354e-01
-3.501810483870967383e-01
-5.063298387096774045e-01
-4.044601814516128879e-01
-3.869552419354839179e-01
-3.617437500000000306e-01
-3.102114919354838629e-01
-4.128777217741935734e-01
-3.083969758064515343e-01
-4.098181451612903925e-01
-3.597523185483870733e-01
-3.734422379032257822e-01
-3.094149193548387244e-01
-3.545210685483870527e-01
-3.313454637096774902e-01
-3.478324596774192701e-01
-2.832710685483870172e-01
-2.469807459677418882e-01
-2.891631048387097169e-01
-3.491129032258064591e-01
-2.715725806451612656e-01
-3.161035282258065071e-01
-3.363553427419355146e-01
-2.878324596774193278e-01
-3.735780241935484081e-01
-3.174341733870968407e-01
-3.282003024193548280e-01
-2.752518145161290675e-01
-3.263857862903225548e-01
-3.398987903225806351e-01
-2.998436491935483339e-01
-2.515421370967742543e-01
-2.649695564516129087e-01
-2.294758064516129181e-01
-3.088808467741935293e-01
-2.936389112903226017e-01
-3.061339717741935473e-01
-2.142338709677419073e-01
-2.977164314516129173e-01
-2.066129032258064713e-01
-2.393597782258064799e-01
-2.438355846774193647e-01
-2.531854838709676758e-01
-1.757307459677419359e-01
-2.473790322580645129e-01
-1.945161290322580394e-01
-2.456501008064516656e-01
-1.895564516129032429e-01
-2.021370967741935309e-01
-1.729838709677419539e-01
-2.150806451612902737e-01
-2.151662298387096439e-01
-2.227871975806451355e-01
-2.268647177419355065e-01
-2.725905241935484002e-01
-3.165018145161290763e-01
-2.410887096774192995e-01
-1.545967741935483641e-01
-2.339516129032258029e-01
-1.958467741935483730e-01
-1.900403225806451823e-01
-1.900403225806451546e-01
-2.196420362903225842e-01
-1.747983870967741715e-01
-1.761290322580645051e-01
-1.564112903225806372e-01
-2.335533266129032337e-01
-1.989919354838709797e-01
-1.882258064516128815e-01
-1.506048387096773911e-01
-1.882258064516129370e-01
-1.277419354838709442e-01
-1.671774193548387077e-01
-1.989919354838709242e-01
-1.474596774193548121e-01
-1.806048387096773900e-01
-1.456451612903225667e-01
-1.976612903225806184e-01
-1.819354838709677513e-01
-1.474596774193548121e-01
-1.757307459677419081e-01
-1.062096774193548310e-01
-1.913709677419354327e-01
-1.443145161290322609e-01
-2.187096774193547921e-01
-1.290725806451612778e-01
-1.878275201612903400e-01
-1.353629032258064357e-01
-2.097580645161290225e-01
-2.066129032258064713e-01
-1.519354838709676692e-01
-1.564112903225806650e-01
-1.608870967741934943e-01
-1.837499999999999967e-01
-1.608870967741935498e-01
-1.353629032258064080e-01
-1.806048387096774455e-01
-1.658467741935483464e-01
-9.096774193548387566e-02
-1.169758064516128876e-01
-1.335483870967741904e-01
-1.277419354838709165e-01
-1.290725806451612778e-01
-1.729838709677418984e-01
-9.725806451612901971e-02
-1.353629032258064357e-01
-1.156451612903225540e-01
-1.519354838709677524e-01
-1.819354838709677236e-01
-1.366935483870967694e-01
-1.380241935483871030e-01
-8.201612903225806439e-02
-1.595564516129032162e-01
-9.725806451612900583e-02
-1.806048387096773900e-01
-1.348790322580645240e-01
-1.837499999999999412e-01
-1.290725806451612778e-01
-8.201612903225805051e-02
-1.671774193548386800e-01
-1.124999999999999750e-01
-1.824193548387096631e-01
-9.858870967741935332e-02
-1.169758064516128876e-01
-1.245967741935483514e-01
-1.366935483870967694e-01
-1.366935483870967416e-01
-9.907258064516126506e-02
-8.068548387096773078e-02
-9.411290322580644074e-02
-9.725806451612901971e-02
-1.519354838709677524e-01
-1.290725806451612778e-01
-1.277419354838709442e-01
-1.487903225806451735e-01
-8.963709677419352817e-02
-8.649193548387096309e-02
-1.111693548387096414e-01
-7.439516129032258673e-02
-1.004032258064515848e-01
-1.156451612903225540e-01
-6.858870967741935443e-02
-9.411290322580645462e-02
-8.649193548387096309e-02
-1.322177419354838568e-01
-9.411290322580645462e-02
-9.411290322580644074e-02
-8.963709677419352817e-02
-8.516129032258062947e-02
-6.096774193548386983e-02
-7.306451612903225312e-02
-9.907258064516126506e-02
-6.677419354838709520e-02
-5.334677419354838523e-02
-7.754032258064515182e-02
-1.017338709677419184e-01
-8.516129032258062947e-02
-7.439516129032257286e-02
-9.145161290322578740e-02
-9.725806451612900583e-02
-8.383064516129030974e-02
-1.143145161290322204e-01
-8.516129032258062947e-02
-1.290725806451612501e-01
-5.782258064516129087e-02
-7.439516129032258673e-02
-8.068548387096774466e-02
-3.048387096774193492e-02
-7.306451612903225312e-02
-4.258064516129032168e-02
-8.068548387096773078e-02
-1.004032258064515848e-01
-2.286290322580645032e-02
-6.544354838709677546e-02
-9.725806451612901971e-02
-4.705645161290322731e-02
-5.782258064516129087e-02
-1.017338709677419184e-01
-4.572580645161290064e-02
-5.334677419354838523e-02
-7.439516129032257286e-02
-5.915322580645161754e-02
-8.201612903225805051e-02
-5.782258064516129087e-02
-3.048387096774193492e-02
-1.111693548387096414e-01
-4.258064516129032168e-02
-8.068548387096774466e-02
-3.495967741935483708e-02
-6.096774193548386983e-02
-6.858870967741935443e-02
-5.020161290322580627e-02
-4.572580645161290064e-02
-3.048387096774193492e-02
-7.754032258064515182e-02
-2.286290322580645032e-02
-2.733870967741935595e-02
-7.620967741935483729e-03
-3.048387096774193492e-02
-3.810483870967741604e-02
-4.572580645161290064e-02
-5.334677419354838523e-02
-6.858870967741935443e-02
-6.229838709677419650e-02
-2.286290322580645032e-02
-3.048387096774193492e-02
-6.858870967741935443e-02
-5.782258064516129087e-02
-4.572580645161290064e-02
-5.020161290322580627e-02
-5.467741935483871191e-02
-6.229838709677419650e-02
-6.229838709677419650e-02
-4.258064516129032168e-02
-7.306451612903225312e-02
-5.334677419354838523e-02
-7.620967741935483729e-03
-5.782258064516129087e-02
-1.524193548387096746e-02
-7.306451612903225312e-02
-4.258064516129032168e-02
-3.495967741935483708e-02
-5.334677419354838523e-02
-3.810483870967741604e-02
-3.048387096774193492e-02
-4.258064516129032168e-02
-1.524193548387096746e-02
-3.495967741935483708e-02
-3.810483870967741604e-02
-2.286290322580645032e-02
-4.572580645161290064e-02
-3.048387096774193492e-02
-1.524193548387096746e-02
-4.572580645161290064e-02
-4.258064516129032168e-02
-5.020161290322580627e-02
-2.286290322580645032e-02
-1.524193548387096746e-02
-3.048387096774193492e-02
-6.096774193548386983e-02
-3.810483870967741604e-02
-1.524193548387096746e-02
-2.286290322580645032e-02
-1.524193548387096746e-02
0.000000000000000000e+00
-3.048387096774193492e-02
-2.286290322580645032e-02
-4.572580645161290064e-02
-5.020161290322580627e-02
-3.495967741935483708e-02
-2.286290322580645032e-02
-1.524193548387096746e-02
-1.524193548387096746e-02
-3.943548387096774271e-02
-7.754032258064516570e-02
-3.810483870967741604e-02
-2.733870967741935595e-02
-1.971774193548387136e-02
-3.810483870967741604e-02
-3.048387096774193492e-02
-2.733870967741935595e-02
-7.620967741935483729e-03
-2.286290322580645032e-02
-2.286290322580645032e-02
-7.620967741935483729e-03
-7.620967741935483729e-03
-1.524193548387096746e-02
-3.810483870967741604e-02
-2.733870967741935595e-02
-3.495967741935483708e-02
-7.620967741935483729e-03
-3.495967741935483708e-02
0.000000000000000000e+00
-1.524193548387096746e-02
-2.286290322580645032e-02
-2.286290322580645032e-02
-2.286290322580645032e-02
-2.286290322580645032e-02
-2.286290322580645032e-02
-4.258064516129032168e-02
-1.524193548387096746e-02
-2.286290322580645032e-02
-1.524193548387096746e-02
-7.620967741935483729e-03
-3.810483870967741604e-02
0.000000000000000000e+00
-2.286290322580645032e-02
-1.524193548387096746e-02
-2.286290322580645032e-02
-7.620967741935483729e-03
-3.048387096774193492e-02
-2.286290322580645032e-02
-3.048387096774193492e-02
-7.620967741935483729e-03
-1.524193548387096746e-02
-1.524193548387096746e-02
0.000000000000000000e+00
-2.286290322580645032e-02
-2.286290322580645032e-02
0.000000000000000000e+00
0.000000000000000000e+00
-1.524193548387096746e-02
-2.286290322580645032e-02
-1.524193548387096746e-02
-2.286290322580645032e-02
-1.524193548387096746e-02
-7.620967741935483729e-03
0.000000000000000000e+00
-3.048387096774193492e-02
-2.286290322580645032e-02
-7.620967741935483729e-03
-7.620967741935483729e-03
0.000000000000000000e+00
-1.524193548387096746e-02
-7.620967741935483729e-03
0.000000000000000000e+00
-2.286290322580645032e-02
-2.286290322580645032e-02
-7.620967741935483729e-03
-7.620967741935483729e-03
0.000000000000000000e+00
0.000000000000000000e+00
-7.620967741935483729e-03
0.000000000000000000e+00
-7.620967741935483729e-03
0.000000000000000000e+00
-7.620967741935483729e-03
-7.620967741935483729e-03
-7.620967741935483729e-03
0.000000000000000000e+00
-7.620967741935483729e-03
-7.620967741935483729e-03
0.000000000000000000e+00
-3.048387096774193492e-02
-7.620967741935483729e-03
-7.620967741935483729e-03
0.000000000000000000e+00
-7.620967741935483729e-03
-1.209677419354838850e-02
-1.524193548387096746e-02
-1.524193548387096746e-02
0.000000000000000000e+00
-1.524193548387096746e-02
0.000000000000000000e+00
0.000000000000000000e+00
-7.620967741935483729e-03
-2.286290322580645032e-02
-1.524193548387096746e-02
-4.258064516129032168e-02
-7.620967741935483729e-03
-2.286290322580645032e-02
-1.524193548387096746e-02
-7.620967741935483729e-03
0.000000000000000000e+00
-7.620967741935483729e-03
-1.524193548387096746e-02
-1.209677419354838850e-02
-1.524193548387096746e-02
-1.524193548387096746e-02
0.000000000000000000e+00
-7.620967741935483729e-03
0.000000000000000000e+00
-7.620967741935483729e-03
0.000000000000000000e+00
-1.524193548387096746e-02
-7.620967741935483729e-03
-7.620967741935483729e-03
0.000000000000000000e+00
0.000000000000000000e+00
0.000000000000000000e+00
-7.620967741935483729e-03
0.000000000000000000e+00
0.000000000000000000e+00
-7.620967741935483729e-03
-7.620967741935483729e-03
-7.620967741935483729e-03
-7.620967741935483729e-03
-1.524193548387096746e-02
0.000000000000000000e+00
-7.620967741935483729e-03
-7.620967741935483729e-03
-7.620967741935483729e-03
-7.620967741935483729e-03
0.000000000000000000e+00
0.000000000000000000e+00
-7.620967741935483729e-03
-1.524193548387096746e-02
0.000000000000000000e+00
0.000000000000000000e+00
-7.620967741935483729e-03
0.000000000000000000e+00
-7.620967741935483729e-03
-7.620967741935483729e-03
0.000000000000000000e+00
-1.971774193548387136e-02
-1.524193548387096746e-02
0.000000000000000000e+00
-1.524193548387096746e-02
0.000000000000000000e+00
-1.524193548387096746e-02
0.000000000000000000e+00
0.000000000000000000e+00
0.000000000000000000e+00
-7.620967741935483729e-03
0.000000000000000000e+00
-1.524193548387096746e-02
-7.620967741935483729e-03
-7.620967741935483729e-03
-7.620967741935483729e-03
-7.620967741935483729e-03
0.000000000000000000e+00
0.000000000000000000e+00
0.000000000000000000e+00
-7.620967741935483729e-03
0.000000000000000000e+00
0.000000000000000000e+00
0.000000000000000000e+00
0.000000000000000000e+00
-7.620967741935483729e-03
-7.620967741935483729e-03
0.000000000000000000e+00
0.000000000000000000e+00
0.000000000000000000e+00
0.000000000000000000e+00
-7.620967741935483729e-03
0.000000000000000000e+00
0.000000000000000000e+00
0.000000000000000000e+00
0.000000000000000000e+00
0.000000000000000000e+00
0.000000000000000000e+00
0.000000000000000000e+00
-7.620967741935483729e-03
-2.286290322580645032e-02
0.000000000000000000e+00
0.000000000000000000e+00
0.000000000000000000e+00
0.000000000000000000e+00
-7.620967741935483729e-03
-7.620967741935483729e-03
0.000000000000000000e+00
0.000000000000000000e+00
0.000000000000000000e+00
0.000000000000000000e+00
0.000000000000000000e+00
0.000000000000000000e+00
0.000000000000000000e+00
0.000000000000000000e+00
-7.620967741935483729e-03
0.000000000000000000e+00
0.000000000000000000e+00
0.000000000000000000e+00
0.000000000000000000e+00
-7.620967741935483729e-03
-7.620967741935483729e-03
-7.620967741935483729e-03
-7.620967741935483729e-03
0.000000000000000000e+00
0.000000000000000000e+00
0.000000000000000000e+00
-7.620967741935483729e-03
0.000000000000000000e+00
0.000000000000000000e+00
0.000000000000000000e+00
0.000000000000000000e+00
-7.620967741935483729e-03
0.000000000000000000e+00
0.000000000000000000e+00
0.000000000000000000e+00
0.000000000000000000e+00
-7.620967741935483729e-03
0.000000000000000000e+00
0.000000000000000000e+00
0.000000000000000000e+00
0.000000000000000000e+00
0.000000000000000000e+00
0.000000000000000000e+00
-7.620967741935483729e-03
0.000000000000000000e+00
0.000000000000000000e+00
0.000000000000000000e+00
0.000000000000000000e+00
0.000000000000000000e+00
-7.620967741935483729e-03
0.000000000000000000e+00
0.000000000000000000e+00
0.000000000000000000e+00
0.000000000000000000e+00
0.000000000000000000e+00
0.000000000000000000e+00
0.000000000000000000e+00
0.000000000000000000e+00
0.000000000000000000e+00
0.000000000000000000e+00
0.000000000000000000e+00
0.000000000000000000e+00
0.000000000000000000e+00
0.000000000000000000e+00
0.000000000000000000e+00
0.000000000000000000e+00
0.000000000000000000e+00
-7.620967741935483729e-03
0.000000000000000000e+00
0.000000000000000000e+00
-1.524193548387096746e-02
0.000000000000000000e+00
0.000000000000000000e+00
0.000000000000000000e+00
0.000000000000000000e+00
0.000000000000000000e+00
0.000000000000000000e+00
0.000000000000000000e+00
0.000000000000000000e+00
0.000000000000000000e+00
0.000000000000000000e+00
0.000000000000000000e+00
0.000000000000000000e+00
0.000000000000000000e+00
0.000000000000000000e+00
0.000000000000000000e+00
-7.620967741935483729e-03
0.000000000000000000e+00
0.000000000000000000e+00
0.000000000000000000e+00
0.000000000000000000e+00
0.000000000000000000e+00
0.000000000000000000e+00
0.000000000000000000e+00
-7.620967741935483729e-03
0.000000000000000000e+00
0.000000000000000000e+00
0.000000000000000000e+00
0.000000000000000000e+00
0.000000000000000000e+00
0.000000000000000000e+00
0.000000000000000000e+00
0.000000000000000000e+00
0.000000000000000000e+00
0.000000000000000000e+00
0.000000000000000000e+00
0.000000000000000000e+00
0.000000000000000000e+00
0.000000000000000000e+00
0.000000000000000000e+00
0.000000000000000000e+00
0.000000000000000000e+00
0.000000000000000000e+00
0.000000000000000000e+00
0.000000000000000000e+00
0.000000000000000000e+00
0.000000000000000000e+00
0.000000000000000000e+00
0.000000000000000000e+00
-7.620967741935483729e-03
0.000000000000000000e+00
0.000000000000000000e+00
0.000000000000000000e+00
0.000000000000000000e+00
0.000000000000000000e+00
0.000000000000000000e+00
0.000000000000000000e+00
0.000000000000000000e+00
0.000000000000000000e+00
0.000000000000000000e+00
0.000000000000000000e+00
0.000000000000000000e+00
0.000000000000000000e+00
0.000000000000000000e+00
0.000000000000000000e+00
0.000000000000000000e+00
0.000000000000000000e+00
