-6.840610887096774118e-01
-7.195548387096775134e-01
-6.723626008064514936e-01
-5.829880040322580337e-01
-6.337236895161288963e-01
-5.624736895161287498e-01
-6.518482862903225428e-01
-6.989047379032256035e-01
-5.961027217741933226e-01
-6.754221774193547301e-01
-5.521058467741934983e-01
-5.749687499999999174e-01
-6.448881048387095083e-01
-4.775748991935482857e-01
-5.336685483870966529e-01
-4.983105846774193992e-01
-5.166976814516129890e-01
-5.498428427419355113e-01
-4.779731854838709104e-01
-4.825345766129032210e-01
-4.758459677419354938e-01
-5.512590725806452152e-01
-4.057908266129032215e-01
-6.067832661290322172e-01
-4.376053427419354658e-01
-5.578620967741934056e-01
-6.485673387096774212e-01
-5.031846774193549088e-01
-3.927616935483870808e-01
-4.654781250000000203e-01
-3.823938508064515518e-01
-3.838100806451613112e-01
-4.770408266129031460e-01
-3.927616935483870253e-01
-4.918844758064515599e-01
-4.057908266129032215e-01
-3.527921370967742054e-01
-5.261833669354838428e-01
-3.918293346774193164e-01
-2.438355846774193370e-01
-3.029888104838709961e-01
-3.457052419354838535e-01
-3.713150201612903656e-01
-2.339516129032257752e-01
-2.735228830645161091e-01
-2.370967741935483819e-01
-2.873485887096773883e-01
-2.389614919354838551e-01
-2.034677419354839478e-01
-2.352822580645161088e-01
-3.277164314516128885e-01
-3.083969758064515898e-01
-3.102114919354838629e-01
-3.882858870967741405e-01
-2.317388104838709606e-01
-3.285985887096774527e-01
-2.532710685483871571e-01
-2.940371975806452265e-01
-2.201259072580645515e-01
-2.707760080645161826e-01
-2.421066532258064341e-01
-2.438355846774193092e-01
-3.263857862903226104e-01
-3.065322580645161166e-01
-2.434372983870967955e-01
-2.765824596774193456e-01
-2.460483870967741793e-01
-2.456501008064516101e-01
-2.635533266129032048e-01
-3.299292338709677308e-01
-2.304081653225806825e-01
-1.729838709677419262e-01
-3.267840725806451241e-01
-3.039211693548386495e-01
-2.550000000000000044e-01
-2.034677419354838646e-01
-1.913709677419354882e-01
-1.941178427419354979e-01
-2.259323588709677144e-01
-2.168951612903225190e-01
-1.623033266129032537e-01
-2.505241935483871196e-01
-2.317388104838709606e-01
-1.868951612903225756e-01
-2.330694556451612942e-01
-1.806048387096773900e-01
-1.550806451612903314e-01
-2.034677419354838646e-01
-2.034677419354838923e-01
-2.164968750000000053e-01
-1.774596774193548387e-01
-1.832661290322580572e-01
-1.855645161290322420e-01
-1.519354838709677524e-01
-1.846823588709677333e-01
-1.900403225806451823e-01
-1.640322580645161010e-01
-1.770613911290322418e-01
-1.093548387096773961e-01
-1.779435483870967782e-01
-1.608870967741935221e-01
-2.003225806451612578e-01
-1.550806451612903314e-01
-2.227871975806451077e-01
-1.640322580645161010e-01
-2.187096774193548199e-01
-1.501209677419354793e-01
-2.358163306451613317e-01
-1.927016129032258218e-01
-2.044001008064516289e-01
-1.971774193548386789e-01
-1.640322580645161010e-01
-1.411693548387096819e-01
-1.608870967741935498e-01
-1.487903225806451180e-01
-1.335483870967741626e-01
-1.506048387096773911e-01
-1.640322580645161288e-01
-1.143145161290322204e-01
-1.595564516129031885e-01
-1.201209677419354666e-01
-1.582258064516129104e-01
-1.792741935483871119e-01
-1.093548387096773961e-01
-1.716532258064516203e-01
-1.685080645161290414e-01
-1.640322580645161565e-01
-1.989919354838709797e-01
-1.138306451612903086e-01
-1.878275201612903123e-01
-1.366935483870967416e-01
-1.290725806451612778e-01
-1.183064516129032073e-01
-1.761290322580645329e-01
-1.429838709677418995e-01
-1.156451612903225401e-01
-1.743145161290322043e-01
-9.858870967741935332e-02
-1.277419354838709442e-01
-9.278225806451610713e-02
-1.156451612903225401e-01
-2.044001008064516567e-01
-1.353629032258064080e-01
-1.474596774193548399e-01
-1.335483870967741904e-01
-1.232661290322580316e-01
-1.187903225806451329e-01
-5.020161290322580627e-02
-1.913709677419354882e-01
-1.004032258064516125e-01
-1.124999999999999889e-01
-1.747983870967741715e-01
-8.963709677419352817e-02
-7.754032258064516570e-02
-7.620967741935483208e-02
-1.340322580645161021e-01
-1.093548387096774099e-01
-1.183064516129032212e-01
-9.907258064516126506e-02
-1.201209677419354527e-01
-1.004032258064516125e-01
-8.516129032258062947e-02
-8.201612903225805051e-02
-9.592741935483868609e-02
-1.519354838709677247e-01
-1.048790322580644974e-01
-7.439516129032257286e-02
-1.093548387096774099e-01
-1.048790322580644974e-01
-1.017338709677419184e-01
-1.111693548387096414e-01
-1.035483870967741776e-01
-7.754032258064515182e-02
-1.017338709677419184e-01
-7.754032258064515182e-02
-6.991935483870967416e-02
-9.278225806451612101e-02
-8.963709677419354205e-02
-8.516129032258064335e-02
-1.004032258064515987e-01
-6.544354838709677546e-02
-1.080241935483870763e-01
-1.169758064516129015e-01
-1.035483870967741638e-01
-4.572580645161290064e-02
-8.516129032258064335e-02
-8.068548387096774466e-02
-9.725806451612901971e-02
-1.214516129032257863e-01
-3.810483870967741604e-02
-7.754032258064515182e-02
-8.516129032258064335e-02
-1.398387096774193206e-01
-7.754032258064515182e-02
-4.572580645161290064e-02
-6.544354838709677546e-02
-9.592741935483868609e-02
-9.411290322580644074e-02
-6.858870967741935443e-02
-4.258064516129032168e-02
-5.020161290322580627e-02
-4.258064516129032168e-02
-3.810483870967741604e-02
-5.782258064516129087e-02
-5.020161290322580627e-02
-4.572580645161290064e-02
-8.830645161290320844e-02
-7.306451612903225312e-02
-5.020161290322580627e-02
-6.544354838709677546e-02
-6.544354838709677546e-02
-6.544354838709677546e-02
-5.915322580645161754e-02
-9.278225806451610713e-02
-6.229838709677419650e-02
-3.943548387096774271e-02
-8.963709677419352817e-02
-5.020161290322580627e-02
-8.516129032258062947e-02
-6.229838709677419650e-02
-5.782258064516129087e-02
-4.258064516129032168e-02
-2.733870967741935595e-02
-5.020161290322580627e-02
-4.705645161290322731e-02
-5.782258064516129087e-02
-7.439516129032257286e-02
-8.830645161290320844e-02
-5.782258064516129087e-02
-5.782258064516129087e-02
-2.733870967741935595e-02
-5.334677419354838523e-02
-3.495967741935483708e-02
-4.258064516129032168e-02
-5.782258064516129087e-02
-6.229838709677419650e-02
-7.620967741935483208e-02
-3.810483870967741604e-02
-6.229838709677419650e-02
-4.258064516129032168e-02
-1.524193548387096746e-02
-5.020161290322580627e-02
-6.991935483870967416e-02
-5.020161290322580627e-02
-6.858870967741935443e-02
-3.810483870967741604e-02
-4.572580645161290064e-02
-8.068548387096773078e-02
-3.810483870967741604e-02
-3.048387096774193492e-02
-3.048387096774193492e-02
-3.048387096774193492e-02
-7.620967741935483729e-03
-4.572580645161290064e-02
-3.810483870967741604e-02
-2.733870967741935595e-02
0.000000000000000000e+00
-1.524193548387096746e-02
-5.020161290322580627e-02
-3.495967741935483708e-02
-3.048387096774193492e-02
-8.830645161290322231e-02
-5.334677419354838523e-02
-3.495967741935483708e-02
-3.048387096774193492e-02
-3.495967741935483708e-02
-1.524193548387096746e-02
-3.048387096774193492e-02
-2.286290322580645032e-02
-7.620967741935483729e-03
-3.048387096774193492e-02
-4.572580645161290064e-02
-3.048387096774193492e-02
-7.620967741935483729e-03
-7.620967741935483729e-03
-3.495967741935483708e-02
-1.971774193548387136e-02
-1.524193548387096746e-02
-3.810483870967741604e-02
-1.524193548387096746e-02
-3.810483870967741604e-02
-1.524193548387096746e-02
-3.495967741935483708e-02
-2.733870967741935595e-02
-3.048387096774193492e-02
-2.286290322580645032e-02
-2.286290322580645032e-02
-7.620967741935483729e-03
-1.524193548387096746e-02
-3.495967741935483708e-02
-3.810483870967741604e-02
-2.286290322580645032e-02
-1.209677419354838850e-02
-3.048387096774193492e-02
0.000000000000000000e+00
-2.286290322580645032e-02
-2.286290322580645032e-02
-2.733870967741935595e-02
-3.048387096774193492e-02
-1.524193548387096746e-02
0.000000000000000000e+00
-5.334677419354838523e-02
-2.286290322580645032e-02
-2.286290322580645032e-02
-1.209677419354838850e-02
-7.620967741935483729e-03
-3.048387096774193492e-02
-3.048387096774193492e-02
-2.286290322580645032e-02
-2.733870967741935595e-02
-4.572580645161290064e-02
-3.810483870967741604e-02
-7.620967741935483729e-03
-3.048387096774193492e-02
-3.810483870967741604e-02
-3.048387096774193492e-02
-1.524193548387096746e-02
-1.524193548387096746e-02
-2.286290322580645032e-02
-5.467741935483871191e-02
-2.286290322580645032e-02
-7.620967741935483729e-03
-1.524193548387096746e-02
0.000000000000000000e+00
-7.620967741935483729e-03
-3.048387096774193492e-02
-7.620967741935483729e-03
-2.286290322580645032e-02
-7.620967741935483729e-03
-7.620967741935483729e-03
0.000000000000000000e+00
-1.524193548387096746e-02
0.000000000000000000e+00
-2.286290322580645032e-02
0.000000000000000000e+00
0.000000000000000000e+00
-3.048387096774193492e-02
-7.620967741935483729e-03
-7.620967741935483729e-03
-7.620967741935483729e-03
0.000000000000000000e+00
-1.524193548387096746e-02
-2.286290322580645032e-02
0.000000000000000000e+00
-1.524193548387096746e-02
-1.524193548387096746e-02
-3.048387096774193492e-02
0.000000000000000000e+00
-2.286290322580645032e-02
-2.286290322580645032e-02
-1.524193548387096746e-02
-1.524193548387096746e-02
0.000000000000000000e+00
-1.524193548387096746e-02
-2.733870967741935595e-02
-1.524193548387096746e-02
-1.524193548387096746e-02
-7.620967741935483729e-03
0.000000000000000000e+00
-2.286290322580645032e-02
-7.620967741935483729e-03
-1.524193548387096746e-02
-1.524193548387096746e-02
-2.286290322580645032e-02
-7.620967741935483729e-03
-7.620967741935483729e-03
-2.733870967741935595e-02
-3.048387096774193492e-02
-7.620967741935483729e-03
-7.620967741935483729e-03
0.000000000000000000e+00
0.000000000000000000e+00
-7.620967741935483729e-03
0.000000000000000000e+00
0.000000000000000000e+00
0.000000000000000000e+00
-7.620967741935483729e-03
-1.524193548387096746e-02
-1.524193548387096746e-02
-2.286290322580645032e-02
-1.524193548387096746e-02
-7.620967741935483729e-03
0.000000000000000000e+00
0.000000000000000000e+00
0.000000000000000000e+00
-7.620967741935483729e-03
0.000000000000000000e+00
0.000000000000000000e+00
-7.620967741935483729e-03
0.000000000000000000e+00
-7.620967741935483729e-03
-7.620967741935483729e-03
0.000000000000000000e+00
-7.620967741935483729e-03
-7.620967741935483729e-03
-1.524193548387096746e-02
0.000000000000000000e+00
-1.524193548387096746e-02
-1.524193548387096746e-02
-7.620967741935483729e-03
-7.620967741935483729e-03
0.000000000000000000e+00
0.000000000000000000e+00
-7.620967741935483729e-03
0.000000000000000000e+00
0.000000000000000000e+00
-7.620967741935483729e-03
0.000000000000000000e+00
-7.620967741935483729e-03
0.000000000000000000e+00
-7.620967741935483729e-03
0.000000000000000000e+00
-7.620967741935483729e-03
-1.524193548387096746e-02
-7.620967741935483729e-03
0.000000000000000000e+00
0.000000000000000000e+00
0.000000000000000000e+00
-7.620967741935483729e-03
-7.620967741935483729e-03
0.000000000000000000e+00
0.000000000000000000e+00
-7.620967741935483729e-03
0.000000000000000000e+00
0.000000000000000000e+00
0.000000000000000000e+00
0.000000000000000000e+00
-7.620967741935483729e-03
0.000000000000000000e+00
0.000000000000000000e+00
0.000000000000000000e+00
-1.524193548387096746e-02
0.000000000000000000e+00
0.000000000000000000e+00
0.000000000000000000e+00
0.000000000000000000e+00
0.000000000000000000e+00
0.000000000000000000e+00
0.000000000000000000e+00
0.000000000000000000e+00
0.000000000000000000e+00
0.000000000000000000e+00
0.000000000000000000e+00
-7.620967741935483729e-03
0.000000000000000000e+00
0.000000000000000000e+00
-1.524193548387096746e-02
0.000000000000000000e+00
-7.620967741935483729e-03
0.000000000000000000e+00
0.000000000000000000e+00
-7.620967741935483729e-03
0.000000000000000000e+00
-7.620967741935483729e-03
-7.620967741935483729e-03
0.000000000000000000e+00
0.000000000000000000e+00
0.000000000000000000e+00
0.000000000000000000e+00
0.000000000000000000e+00
0.000000000000000000e+00
0.000000000000000000e+00
-7.620967741935483729e-03
0.000000000000000000e+00
0.000000000000000000e+00
0.000000000000000000e+00
-7.620967741935483729e-03
0.000000000000000000e+00
-7.620967741935483729e-03
0.000000000000000000e+00
-7.620967741935483729e-03
0.000000000000000000e+00
0.000000000000000000e+00
0.000000000000000000e+00
-7.620967741935483729e-03
0.000000000000000000e+00
0.000000000000000000e+00
0.000000000000000000e+00
0.000000000000000000e+00
-7.620967741935483729e-03
0.000000000000000000e+00
0.000000000000000000e+00
0.000000000000000000e+00
0.000000000000000000e+00
-1.524193548387096746e-02
0.000000000000000000e+00
0.000000000000000000e+00
0.000000000000000000e+00
0.000000000000000000e+00
0.000000000000000000e+00
0.000000000000000000e+00
0.000000000000000000e+00
0.000000000000000000e+00
0.000000000000000000e+00
0.000000000000000000e+00
0.000000000000000000e+00
0.000000000000000000e+00
0.000000000000000000e+00
-7.620967741935483729e-03
0.000000000000000000e+00
0.000000000000000000e+00
0.000000000000000000e+00
0.000000000000000000e+00
0.000000000000000000e+00
0.000000000000000000e+00
0.000000000000000000e+00
0.000000000000000000e+00
0.000000000000000000e+00
0.000000000000000000e+00
0.000000000000000000e+00
-7.620967741935483729e-03
-7.620967741935483729e-03
0.000000000000000000e+00
-7.620967741935483729e-03
0.000000000000000000e+00
0.000000000000000000e+00
0.000000000000000000e+00
0.000000000000000000e+00
0.000000000000000000e+00
0.000000000000000000e+00
0.000000000000000000e+00
0.000000000000000000e+00
0.000000000000000000e+00
0.000000000000000000e+00
0.000000000000000000e+00
0.000000000000000000e+00
0.000000000000000000e+00
0.000000000000000000e+00
0.000000000000000000e+00
0.000000000000000000e+00
0.000000000000000000e+00
-7.620967741935483729e-03
0.000000000000000000e+00
0.000000000000000000e+00
-7.620967741935483729e-03
0.000000000000000000e+00
0.000000000000000000e+00
0.000000000000000000e+00
0.000000000000000000e+00
0.000000000000000000e+00
0.000000000000000000e+00
0.000000000000000000e+00
0.000000000000000000e+00
0.000000000000000000e+00
0.000000000000000000e+00
0.000000000000000000e+00
0.000000000000000000e+00
0.000000000000000000e+00
0.000000000000000000e+00
0.000000000000000000e+00
0.000000000000000000e+00
0.000000000000000000e+00
0.000000000000000000e+00
0.000000000000000000e+00
0.000000000000000000e+00
0.000000000000000000e+00
0.000000000000000000e+00
0.000000000000000000e+00
0.000000000000000000e+00
0.000000000000000000e+00
0.000000000000000000e+00
0.000000000000000000e+00
0.000000000000000000e+00
0.000000000000000000e+00
0.000000000000000000e+00
0.000000000000000000e+00
0.000000000000000000e+00
0.000000000000000000e+00
0.000000000000000000e+00
0.000000000000000000e+00
0.000000000000000000e+00
-7.620967741935483729e-03
0.000000000000000000e+00
0.000000000000000000e+00
0.000000000000000000e+00
0.000000000000000000e+00
0.000000000000000000e+00
0.000000000000000000e+00
0.000000000000000000e+00
0.000000000000000000e+00
0.000000000000000000e+00
0.000000000000000000e+00
0.000000000000000000e+00
0.000000000000000000e+00
0.000000000000000000e+00
0.000000000000000000e+00
0.000000000000000000e+00
0.000000000000000000e+00
-7.620967741935483729e-03
0.000000000000000000e+00
0.000000000000000000e+00
0.000000000000000000e+00
0.000000000000000000e+00
0.000000000000000000e+00
0.000000000000000000e+00
0.000000000000000000e+00
0.000000000000000000e+00
0.000000000000000000e+00
0.000000000000000000e+00
0.000000000000000000e+00
