-1.331517395897988898e+00
-1.710359592008109164e+00
-2.357175297843244977e+00
-2.448643728169154876e+00
-1.937214856786863448e+00
-2.684103977944033215e+00
-2.497075111793235269e+00
-9.281342708039364009e-01
-2.143220761366831706e+00
-1.501039173243563285e+00
-1.750341984717731947e+00
-2.225626470399977741e+00
-2.313321795769305300e+00
-6.388317072813438635e-01
-1.765131562184923730e+00
-1.902902530847014662e+00
-2.458518594723351214e+00
-2.392971164222049918e+00
-8.643120405210160673e-01
-1.898019431604362595e+00
-8.867795160249949404e-01
-1.921228767142473481e+00
-1.652607061236071706e+00
-1.361670040009535398e+00
-8.353641466282304417e-01
-5.282101731877705264e-01
-2.454786562438042274e+00
-6.174801929885427310e-01
-1.890373942845290367e+00
-1.905007028623915577e+00
-1.762954994175271350e+00
-1.637895324097383920e+00
-1.761912632146715563e+00
-2.148999509160635757e+00
-1.189455824999974487e+00
-1.123076693362587974e+00
-4.000815772904134926e-01
-1.244784841651288998e+00
-1.306202556538891502e+00
-2.206994287793055065e+00
-6.172816815044628314e-01
-2.023696444126813265e+00
-1.950640206197408855e+00
-1.586381754150943735e+00
-1.913777471883262304e+00
-2.203287984289276302e+00
-4.167878437601199026e-01
-2.340257648160202208e+00
-2.380065750864921892e+00
-1.939716174509996449e+00
-6.175013583333055500e-01
-2.342747663063436736e+00
-1.678665457819424223e+00
-2.095822556425991134e+00
-1.928450369973600198e+00
-2.240538797428172746e+00
-1.877656284202436243e+00
-1.086491271898291089e+00
-2.571804179553019321e+00
-1.395372102623199329e+00
-1.893879843155831688e+00
-1.828002670444440980e+00
-1.565400409243564717e+00
-6.172514056091227275e-01
-1.476144186910613554e+00
-2.118890142814783939e+00
-2.285976916274664816e+00
-1.609899873900354939e+00
-2.285145337726596892e+00
-6.539329565753979612e-01
-2.265742021481670143e+00
-2.058901629740062411e+00
-2.322502133339433783e+00
-2.353450983613368575e+00
-1.714046211223849037e+00
-2.222538193698757603e+00
-2.296820889981228575e+00
-1.823969639362274409e+00
-6.193839680628550060e-01
-1.449842635394283707e+00
-1.507518605915966869e+00
-2.096208286374605656e+00
-2.109499765706697616e+00
-1.505939663039340903e+00
-2.150544428670350783e+00
-2.067911030028894093e+00
-1.958341201643427176e+00
-2.093313986592097109e+00
-1.341728142273019397e+00
-6.177225407554257641e-01
-1.449005205325641255e+00
-2.295259520226965222e+00
-2.119934489909361286e+00
-1.513604749272777994e+00
-1.663173561303897152e+00
-2.257199387894634146e+00
-2.158539225123139005e+00
-1.128966332844370424e+00
-2.205276065518555928e+00
-2.277211470214568934e+00
-6.249419091026681139e-01
-1.581546603858781541e+00
-6.172931034540465323e-01
-2.295170926413496293e+00
-2.214966081129825515e+00
-1.996815350090517693e+00
-2.156780705070575177e+00
-1.157132586498402338e+00
-1.407256108738775380e+00
-2.219020740429642924e+00
-1.864413786449623300e+00
-1.779637888103207333e+00
-2.304035528067795102e+00
-2.243068114073123454e+00
-2.212720067164585913e+00
-2.195405175645486651e+00
-2.336444504026650382e+00
-2.080117928608832489e+00
-2.313961465864391442e+00
-1.958385697182919216e+00
-2.308512033967484722e+00
-2.186554032551489613e+00
-6.324800534056959078e-01
-2.266296064083299644e+00
-6.203493359199043766e-01
-1.656751584124312560e+00
-1.598650742963118709e+00
-2.288416264993855531e+00
-2.130246623937973816e+00
-1.869293017404533686e+00
-1.388829352413969209e+00
-1.468976022941149262e+00
-1.635778979506128827e+00
-2.207847088363192434e+00
-6.174865530531177260e-01
-2.190335599204288552e+00
-1.973281915036439571e+00
-1.480831545532601323e+00
-2.351974832842532503e+00
-1.094395643692787523e+00
-1.478645037294971099e+00
-2.312278075292877322e+00
-1.791626534670613946e+00
-1.169759500858886803e+00
-1.962754004368778116e+00
-2.193976605177444750e+00
-6.178629475411676619e-01
-6.172922118590482565e-01
-2.315559494083190728e+00
-2.131511806945135312e+00
-6.393761045066885806e-01
-1.635051474878113753e+00
-1.326914098551160048e+00
-2.256131057127547912e+00
-2.230437999972564533e+00
-6.173462789154138264e-01
-1.543817150443723696e+00
-1.233225329742474452e+00
-2.110288111944108369e+00
-6.173458239242741730e-01
-2.277081109210475685e+00
-2.249581142317576887e+00
-6.421521526442683925e-01
-2.326902522886360014e+00
-6.387198509622739051e-01
-2.320483183535080318e+00
-6.174626328361597638e-01
-2.274178477316584068e+00
-6.174857231526891255e-01
-1.956131885344724930e+00
-2.018714550273734698e+00
-2.341558743388417962e+00
-1.314181146024087754e+00
-6.362859814652129797e-01
-1.581935133036631802e+00
-1.647753606782011992e+00
-1.976836302015004154e+00
-2.284430024258150116e+00
-2.349761259520641854e+00
-1.204371935520039738e+00
-2.170291748898240503e+00
-1.079660177637015384e+00
-6.173493031717111057e-01
-2.015741650395987072e+00
-1.316953475550287189e+00
-1.437260132961840187e+00
-6.173375887365765147e-01
-2.285255235739628965e+00
-2.007741701416335012e+00
-2.017240511614856846e+00
-6.173515261903212981e-01
-1.499174086403415318e+00
-6.366619859196469555e-01
-2.205348915252475450e+00
-8.967172158165460649e-01
-1.330066967082344176e+00
-1.431446509583019111e+00
-2.065978534250043186e+00
-1.468845204831289442e+00
-2.278198296889410557e+00
-1.058415791677687512e+00
-2.206669979980758534e+00
-2.307901248499896862e+00
-2.191726916245278822e+00
-6.173246792319928566e-01
-2.265818665871589310e+00
-1.551547176729551669e+00
-2.200136048929390853e+00
-1.365312999407499728e+00
-2.177676794486826051e+00
-2.253689238402984962e+00
-1.265799868636733994e+00
-1.711741476175205445e+00
-2.177171538329134126e+00
-2.281970948122921783e+00
-2.181088800080857037e+00
-1.411126982346429415e+00
-1.753455445250171385e+00
-2.197353165571244382e+00
-1.953333371590649792e+00
-2.336982479543406654e+00
-6.305414753423771446e-01
-6.192482545970224850e-01
-1.909491205070563469e+00
-1.588085964724341936e+00
-2.183844510242528347e+00
-2.335122975891115615e+00
-6.181123207139825881e-01
-2.340874995171209783e+00
-1.793425166910668223e+00
-1.963553137052370445e+00
-1.238275393865536200e+00
-2.112128118847428127e+00
-2.066852097868250304e+00
-1.718556015279244509e+00
-6.265188420595008134e-01
-2.310159852798562508e+00
-1.848597957084775256e+00
-2.340999520031575631e+00
-2.295933272644218093e+00
-1.430378849721665846e+00
-1.071052373888371934e+00
-2.184922433130565000e+00
-1.056364254841904771e+00
-1.829268141856423613e+00
-6.358830718699609585e-01
-1.876129060618413114e+00
-2.122639538832264527e+00
-1.749959777085473345e+00
-2.163651276005305935e+00
-2.126045629670567649e+00
-2.284286850960170590e+00
-1.452217358049478602e+00
-2.126992267297469930e+00
-6.185079883471774620e-01
-6.211524781801518458e-01
-2.268333726290142849e+00
-1.833888933291794698e+00
-1.161048827421192975e+00
-1.440938318646501459e+00
-1.286343210684093741e+00
-1.382328836334665079e+00
-2.250818269386295700e+00
-2.180229033076279688e+00
-2.193197578876346476e+00
-1.710805716055963543e+00
-6.262575938589235447e-01
-1.515804054055125194e+00
-1.683431944497862043e+00
-1.747529579740328076e+00
-1.430592138346461040e+00
-6.426834535209181576e-01
-2.289269898296330652e+00
-2.298553568384203327e+00
-1.815002596186558126e+00
-1.972327248196685812e+00
-2.276172048292694150e+00
-6.458892937529362444e-01
-1.771292522065910147e+00
-2.249908512906551028e+00
-6.211004866585744244e-01
-1.638437122638603416e+00
-1.604410984191015688e+00
-6.292813003557662377e-01
-1.636231757063532744e+00
-1.279312897713340780e+00
-2.219821911136757642e+00
-6.172855589565849899e-01
-1.616079037904771587e+00
-2.027452196648372951e+00
-2.192166195429495534e+00
-2.304530740513594189e+00
-1.766133519222605530e+00
-2.296902964887811205e+00
-6.187862369581685895e-01
-2.084930662664789214e+00
-2.143301682440273748e+00
-1.691795231128836674e+00
-1.478601874582973430e+00
-2.155685261187604951e+00
-2.134561194043097299e+00
-2.043555890459986646e+00
-2.118845616037251745e+00
-1.785130687450932951e+00
-1.588904035783413660e+00
-2.045799192565064928e+00
-1.735138981609696263e+00
-2.106826895067165584e+00
-1.624394478385505103e+00
-2.254091935211634645e+00
-1.865133405627791507e+00
-1.079372691971880904e+00
-6.187067304620255115e-01
-6.183878182828024261e-01
-6.173228463099716956e-01
-2.126043606928662566e+00
-1.922638674808891279e+00
-1.731091881693485934e+00
-2.176249815559608169e+00
-9.501170085890884298e-01
-2.108854781530531852e+00
-1.939697082986593601e+00
-6.186546356880394670e-01
-2.090709263122679129e+00
-2.309421257069974143e+00
-6.172765995510175463e-01
-1.622554682327907782e+00
-2.277893763249831949e+00
-1.436202540998261279e+00
-2.165897238281824677e+00
-2.328723259512019972e+00
-2.078828163631232684e+00
-1.425548914324129557e+00
-2.148065451802788406e+00
-6.173618876271469436e-01
-1.010527459575525588e+00
-2.292386569704752741e+00
-1.159765142823624196e+00
-2.257979199924316394e+00
-1.410652643903416603e+00
-1.425741770892035465e+00
-1.347849592885377534e+00
-2.051761921895285390e+00
-1.597321305382638279e+00
-6.175584448492155154e-01
-6.204504355059581311e-01
-1.026483280829300515e+00
-6.744137698793913893e-01
-1.565482410686886539e+00
-1.969777116300840403e+00
-6.175722401043293175e-01
-2.048361854365301493e+00
-1.204859659198429300e+00
-1.519003180457225932e+00
-6.220289592102976606e-01
-1.237220749139599896e+00
-1.122250259166921227e+00
-2.351137522399810109e+00
-2.080367524517667821e+00
-1.944781786707364679e+00
-1.735363016144326753e+00
-1.246114332112340017e+00
-1.879195063230483687e+00
-9.373202172572213664e-01
-2.223704112292610446e+00
-2.168174369076559582e+00
-1.396402227637178362e+00
-6.393067160210164079e-01
-2.098747674026050891e+00
-1.942201574383551899e+00
-2.334550695080821026e+00
-2.247826250447370722e+00
-2.035846620422431918e+00
-1.978152851416243641e+00
-2.176261275260724659e+00
-2.161426494252126851e+00
-2.318107111883803029e+00
-2.116818664522275295e+00
-1.794228931039439257e+00
-1.697018149531753339e+00
-2.223191344507659650e+00
-2.124310807451341709e+00
-6.218338268936192126e-01
-1.254415115908713796e+00
-2.316075619146009235e+00
-1.905867054489095880e+00
-6.185687458972997099e-01
-2.098419397803717779e+00
-1.388137512879051627e+00
-1.738016010121334887e+00
-2.177711154379381675e+00
-1.667843014320668837e+00
-2.211297805829414820e+00
-1.578423971963715422e+00
-7.600386799630158841e-01
-2.251176337940318462e+00
-6.245437916021311375e-01
-2.144337996235987198e+00
-2.212049411989037484e+00
-2.253874911783023904e+00
-6.183349392517634158e-01
-6.179084385490271059e-01
-6.175519174957357915e-01
-7.104458469824735944e-01
-1.833351086932350382e+00
-1.578268000909810231e+00
-2.132985912839813203e+00
-6.250106467259531895e-01
-2.325886243294320366e+00
-6.396550107535858842e-01
-2.119848666160176531e+00
-2.174200074814079731e+00
-2.223385650792529589e+00
-1.837473097721506798e+00
-1.956681594380339950e+00
-1.585022239963514989e+00
-1.458643870762803774e+00
-6.179489316996762405e-01
-1.821842507486073126e+00
-1.709516523360205875e+00
-1.890654065295269248e+00
-2.285997768320390922e+00
-2.318905816758247251e+00
-1.155613497296423375e+00
-1.129989652231563557e+00
-2.255728814189002396e+00
-1.411648437981672499e+00
-2.189366437286073719e+00
-1.450551008793132368e+00
-6.173192208826003835e-01
-1.337635406337805088e+00
-1.829343988086924888e+00
-2.087102845271413543e+00
-1.212167180906201569e+00
-6.338085579669604508e-01
-2.078628305389333519e+00
-6.269344612326779309e-01
-2.089294611199115970e+00
-2.177390288780395089e+00
-2.276236567350294671e+00
-1.852735094880412214e+00
-6.174527847357479393e-01
-1.944498949292686074e+00
-6.199171164250563137e-01
-2.302692219311165189e+00
-2.019610449404046548e+00
-2.074035853050083755e+00
-1.983420786284696868e+00
-1.795454546633840964e+00
-2.278623523996950784e+00
-2.289640378704943746e+00
-2.330702180193820805e+00
-1.562060186000477913e+00
-2.121258872072628865e+00
-1.836714859889185369e+00
-2.328416538744974673e+00
-1.986464811799186325e+00
-2.228144857020335046e+00
-6.182763178990916542e-01
-1.150725819533052752e+00
-1.898802267366037411e+00
-2.222812639030637527e+00
-6.872213766079444675e-01
-1.626698962983331720e+00
-2.291599318149519782e+00
-2.115717168732256681e+00
-2.034428152205428386e+00
-6.172840216112652767e-01
-2.247030565297332139e+00
-2.293127098956706078e+00
-1.019080535978668545e+00
-2.259784989411629308e+00
-2.228626148315191013e+00
-2.179650544994597094e+00
-2.300700164244866563e+00
-6.173836928570975990e-01
-6.198958550633693054e-01
-1.909113908073552635e+00
-2.156125947191068093e+00
-1.627205328335457502e+00
-2.320384591957445064e+00
-6.174585641488071763e-01
-1.852302895402638150e+00
-1.197948018899930300e+00
-6.182517690129167853e-01
-1.401665078528886221e+00
-1.850685933101952063e+00
-2.330883674894511426e+00
-1.825483715422338671e+00
-6.173462378658609584e-01
-1.848543133437896335e+00
-2.043549373022581772e+00
-1.662933920876658700e+00
-6.180655535268140266e-01
-6.198804152854633376e-01
-1.595804386305508693e+00
-2.282285478906318055e+00
-1.656539077116503611e+00
-6.175297703585609366e-01
-1.951605300242721830e+00
-2.083589788449147662e+00
-1.235220394671509236e+00
-1.879688289118341737e+00
-8.548103089298760837e-01
-6.175090679067506416e-01
-1.620036081468699818e+00
-2.151861369889966014e+00
-2.241753846174943110e+00
-1.275141365838294405e+00
-1.843807967214480703e+00
-2.210429351418912169e+00
-1.765979387273399315e+00
-2.093523715687479303e+00
-9.081184960323986921e-01
-2.052343984361906237e+00
-2.043081289930067879e+00
-1.818810246712740053e+00
-2.076912817781870313e+00
-6.309067868079804020e-01
-6.184451497934012609e-01
-6.173168807754274567e-01
-6.336894173072037395e-01
-2.310645735551754676e+00
-2.244576227297522930e+00
-1.546070218634391091e+00
-6.205140505395705386e-01
-2.094699486334410832e+00
-2.283749060297388667e+00
-2.023213626036788337e+00
-6.174196146505160909e-01
-1.620854507735183914e+00
-1.200023790838860016e+00
-2.014719120931878216e+00
-2.207675737711109143e+00
-7.348889413231127765e-01
-1.759875152218932204e+00
-1.935498011912846428e+00
-1.881459456572954991e+00
-6.177302886434604678e-01
-1.777472662758977862e+00
-1.902852752875789699e+00
-1.933418699077271485e+00
-2.107603809075408563e+00
-6.214498902433662764e-01
-6.294376042312357367e-01
-6.189025526323399529e-01
-1.866213609181197386e+00
-1.976300751325748895e+00
-2.011260414432832544e+00
-1.137349109005433068e+00
-2.006913544150731532e+00
-2.338626301051422995e+00
-2.194267077277908928e+00
-6.174069407914641872e-01
-1.671257031054670383e+00
-2.300416372138737842e+00
-6.174665057313301064e-01
-1.858977276963640124e+00
-2.031881601044785324e+00
-2.287042572242944605e+00
-6.173603962192990569e-01
-1.719690134621570055e+00
-6.180405647584982232e-01
-2.291402652187082278e+00
-1.729546629018829718e+00
-1.580489591610718003e+00
-6.179185457019128469e-01
-1.297849086950550124e+00
-6.214423568522190466e-01
-6.185851370965769203e-01
-6.173830417212995414e-01
-6.277384992495201876e-01
-8.778424979860982580e-01
-6.178638256394003436e-01
-8.024642064717909529e-01
-2.351749736678180547e+00
-1.051535348638995560e+00
-1.580095456044155577e+00
-1.918464381464131341e+00
-2.149181436832390268e+00
-1.230463964009934852e+00
-1.065120931174134977e+00
-8.254880605529354431e-01
-2.186134980139822659e+00
-6.175105771209991046e-01
-1.836425314929174490e+00
-1.938116618834473170e+00
-2.129191560022480889e+00
-2.250477219906189763e+00
-1.459542409388078665e+00
-2.105241221787870209e+00
-2.274356795835811962e+00
-1.164763768842734359e+00
-2.343690505299937499e+00
-2.211814614016800018e+00
-2.016940872510642802e+00
-6.185285572415974986e-01
-2.338168082190600572e+00
-6.174693385286967873e-01
-6.173187263718512563e-01
