-7.782241935483871220e-01
-6.081994959677418100e-01
-5.673477822580644814e-01
-3.595309475806450772e-01
-5.243186491935483140e-01
-6.229575604838708536e-01
-5.879978830645160581e-01
-5.493087701612902052e-01
-5.072621975806451688e-01
-4.740314516129031652e-01
-6.159562499999999829e-01
-6.184817540322578022e-01
-5.233007056451612904e-01
-5.027863911290322285e-01
-5.829880040322580337e-01
-5.112039314516128030e-01
-4.214310483870967738e-01
-4.528472782258063933e-01
-5.381443548387097042e-01
-4.282554435483870714e-01
-4.672926411290322934e-01
-5.753670362903224866e-01
-5.121362903225805674e-01
-3.896165322580644741e-01
-5.480283266129031272e-01
-3.882858870967741960e-01
-4.434973790322579990e-01
-5.452814516129032008e-01
-4.668943548387097242e-01
-4.251958669354839460e-01
-3.151711693548386872e-01
-4.362746975806451877e-01
-3.012598790322579823e-01
-3.735780241935483525e-01
-5.529880040322580070e-01
-3.744601814516129723e-01
-3.174341733870967852e-01
-3.402970766129032598e-01
-3.215116935483871008e-01
-3.057356854838709781e-01
-4.157603830645161258e-01
-2.527871975806451066e-01
-4.017133064516129060e-01
-4.174893145161290287e-01
-3.227065524193548640e-01
-2.578826612903226123e-01
-4.147424395161289912e-01
-2.549999999999999489e-01
-2.707760080645161826e-01
-2.950551411290323056e-01
-3.972374999999999656e-01
-2.838907258064515826e-01
-2.421066532258064341e-01
-2.613405241935483625e-01
-2.218548387096774266e-01
-2.407760080645161005e-01
-3.174341733870967852e-01
-3.174341733870967297e-01
-2.635533266129031493e-01
-3.585985887096773683e-01
-2.711742943548386964e-01
-2.425049395161290311e-01
-2.308064516129032517e-01
-3.124242943548387053e-01
-2.110887096774193006e-01
-2.317388104838709606e-01
-2.846017137096773508e-01
-2.828727822580645035e-01
-2.698436491935483628e-01
-2.998436491935483339e-01
-3.353373991935483800e-01
-2.568145161290323331e-01
-2.308064516129032517e-01
-2.850855846774193458e-01
-2.393597782258064521e-01
-2.761339717741935207e-01
-2.590775201612902645e-01
-2.106048387096773888e-01
-2.810080645161290858e-01
-2.034677419354839201e-01
-2.008064516129032251e-01
-1.788759072580645149e-01
-2.725049395161290300e-01
-2.380291330645162018e-01
-2.179131048387097369e-01
-1.989919354838709797e-01
-1.685080645161290136e-01
-2.200403225806451535e-01
-1.201209677419354804e-01
-2.021370967741935309e-01
-2.411742943548386975e-01
-2.079435483870967771e-01
-1.716532258064516203e-01
-2.097580645161290225e-01
-1.550806451612903036e-01
-1.864112903225806639e-01
-1.340322580645161021e-01
-2.245161290322580661e-01
-1.716532258064516203e-01
-2.473790322580645129e-01
-2.487096774193548188e-01
-2.276612903225806450e-01
-2.079435483870967771e-01
-1.868951612903225479e-01
-1.958467741935483175e-01
-1.685080645161290136e-01
-1.318194556451612875e-01
-1.245967741935483653e-01
-1.564112903225806372e-01
-1.201209677419354666e-01
-1.989919354838709242e-01
-1.900403225806451546e-01
-1.411693548387096542e-01
-1.537499999999999700e-01
-1.290725806451612778e-01
-1.729838709677419262e-01
-1.550806451612903314e-01
-1.474596774193547843e-01
-1.671774193548387077e-01
-1.608870967741935221e-01
-1.743145161290322043e-01
-1.398387096774193206e-01
-1.335483870967741904e-01
-1.474596774193547843e-01
-1.850806451612903025e-01
-1.666935483870967682e-01
-1.456451612903225667e-01
-1.035483870967741638e-01
-1.156451612903225679e-01
-1.353629032258064357e-01
-1.913709677419354604e-01
-9.725806451612901971e-02
-2.245161290322580105e-01
-1.850806451612903303e-01
-1.290725806451612778e-01
-9.278225806451610713e-02
-1.062096774193548310e-01
-1.474596774193548399e-01
-2.021370967741935865e-01
-1.595564516129032162e-01
-1.322177419354838290e-01
-1.366935483870967694e-01
-1.308870967741934954e-01
-8.830645161290322231e-02
-1.474596774193548121e-01
-1.048790322580644974e-01
-1.227822580645161338e-01
-8.068548387096773078e-02
-1.048790322580644974e-01
-1.245967741935483514e-01
-1.550806451612903036e-01
-1.169758064516128876e-01
-6.991935483870967416e-02
-9.725806451612901971e-02
-1.290725806451612778e-01
-1.277419354838709442e-01
-1.004032258064515987e-01
-1.335483870967741904e-01
-1.487903225806451735e-01
-1.048790322580644974e-01
-1.322177419354838290e-01
-1.187903225806451191e-01
-1.093548387096773961e-01
-8.830645161290320844e-02
-1.456451612903225390e-01
-1.062096774193548449e-01
-5.020161290322580627e-02
-9.725806451612903358e-02
-1.398387096774193483e-01
-1.048790322580644974e-01
-8.201612903225805051e-02
-1.080241935483870624e-01
-8.963709677419355593e-02
-8.649193548387096309e-02
-1.035483870967741638e-01
-7.754032258064516570e-02
-1.048790322580644974e-01
-4.705645161290322731e-02
-7.620967741935483208e-02
-7.754032258064516570e-02
-5.467741935483871191e-02
-8.383064516129030974e-02
-6.229838709677419650e-02
-8.516129032258062947e-02
-6.991935483870967416e-02
-6.096774193548386983e-02
-8.649193548387097696e-02
-5.467741935483871191e-02
-1.017338709677419184e-01
-7.306451612903225312e-02
-4.572580645161290064e-02
-5.467741935483871191e-02
-8.516129032258062947e-02
-6.544354838709677546e-02
-9.725806451612900583e-02
-2.286290322580645032e-02
-1.156451612903225540e-01
-3.810483870967741604e-02
-6.544354838709677546e-02
-4.258064516129032168e-02
-5.782258064516129087e-02
-8.830645161290320844e-02
-5.782258064516129087e-02
-1.124999999999999889e-01
-3.495967741935483708e-02
-9.096774193548387566e-02
-8.516129032258064335e-02
-3.810483870967741604e-02
-3.943548387096774271e-02
-6.096774193548386983e-02
-4.258064516129032168e-02
-7.306451612903225312e-02
-4.258064516129032168e-02
-4.572580645161290064e-02
-3.810483870967741604e-02
-5.334677419354838523e-02
-7.306451612903225312e-02
-4.258064516129032168e-02
-2.286290322580645032e-02
-6.544354838709677546e-02
-6.229838709677419650e-02
-6.229838709677419650e-02
-5.334677419354838523e-02
-5.020161290322580627e-02
-7.306451612903225312e-02
-5.467741935483871191e-02
-5.334677419354838523e-02
-6.544354838709677546e-02
-5.334677419354838523e-02
-3.495967741935483708e-02
-8.963709677419352817e-02
-4.572580645161290064e-02
-2.733870967741935595e-02
-7.306451612903225312e-02
0.000000000000000000e+00
-4.572580645161290064e-02
-4.258064516129032168e-02
-3.048387096774193492e-02
-4.572580645161290064e-02
-3.810483870967741604e-02
-3.810483870967741604e-02
-1.524193548387096746e-02
-5.334677419354838523e-02
-3.181451612903225812e-02
-3.810483870967741604e-02
-2.286290322580645032e-02
-3.048387096774193492e-02
-7.620967741935483729e-03
-3.810483870967741604e-02
-4.258064516129032168e-02
-2.733870967741935595e-02
-3.810483870967741604e-02
-4.572580645161290064e-02
-6.096774193548386983e-02
-5.467741935483871191e-02
-3.048387096774193492e-02
-4.572580645161290064e-02
-3.048387096774193492e-02
-3.048387096774193492e-02
-5.782258064516129087e-02
-6.991935483870967416e-02
-2.286290322580645032e-02
-3.048387096774193492e-02
-1.524193548387096746e-02
-3.810483870967741604e-02
-5.020161290322580627e-02
-2.733870967741935595e-02
-7.620967741935483729e-03
-2.286290322580645032e-02
-3.495967741935483708e-02
-6.096774193548386983e-02
-7.620967741935483729e-03
-7.620967741935483729e-03
-7.620967741935483729e-03
-2.286290322580645032e-02
-5.915322580645161754e-02
-3.495967741935483708e-02
-2.733870967741935595e-02
-1.524193548387096746e-02
-3.048387096774193492e-02
-5.334677419354838523e-02
-3.810483870967741604e-02
-2.286290322580645032e-02
-1.524193548387096746e-02
-2.733870967741935595e-02
-7.620967741935483729e-03
-3.048387096774193492e-02
-2.286290322580645032e-02
-1.524193548387096746e-02
-4.258064516129032168e-02
-4.572580645161290064e-02
-1.524193548387096746e-02
-3.810483870967741604e-02
-3.048387096774193492e-02
-1.524193548387096746e-02
-3.048387096774193492e-02
-2.286290322580645032e-02
-2.286290322580645032e-02
-1.524193548387096746e-02
-3.495967741935483708e-02
-3.810483870967741604e-02
-3.495967741935483708e-02
-4.258064516129032168e-02
-7.620967741935483729e-03
-3.495967741935483708e-02
-3.048387096774193492e-02
-1.524193548387096746e-02
-2.286290322580645032e-02
-7.620967741935483729e-03
-1.971774193548387136e-02
-7.620967741935483729e-03
0.000000000000000000e+00
-1.524193548387096746e-02
-1.524193548387096746e-02
-3.048387096774193492e-02
-7.620967741935483729e-03
-3.048387096774193492e-02
-3.048387096774193492e-02
-7.620967741935483729e-03
-2.286290322580645032e-02
0.000000000000000000e+00
0.000000000000000000e+00
-3.048387096774193492e-02
-1.524193548387096746e-02
0.000000000000000000e+00
-7.620967741935483729e-03
-2.286290322580645032e-02
-7.620967741935483729e-03
0.000000000000000000e+00
-7.620967741935483729e-03
-2.286290322580645032e-02
-2.286290322580645032e-02
-1.524193548387096746e-02
-3.048387096774193492e-02
-2.286290322580645032e-02
-1.524193548387096746e-02
0.000000000000000000e+00
-1.524193548387096746e-02
0.000000000000000000e+00
-7.620967741935483729e-03
0.000000000000000000e+00
-4.572580645161290064e-02
0.000000000000000000e+00
-7.620967741935483729e-03
-2.286290322580645032e-02
-2.286290322580645032e-02
-1.524193548387096746e-02
-7.620967741935483729e-03
-1.524193548387096746e-02
-7.620967741935483729e-03
-1.524193548387096746e-02
-1.524193548387096746e-02
0.000000000000000000e+00
-7.620967741935483729e-03
-7.620967741935483729e-03
-1.524193548387096746e-02
-7.620967741935483729e-03
0.000000000000000000e+00
-7.620967741935483729e-03
-1.524193548387096746e-02
0.000000000000000000e+00
-7.620967741935483729e-03
-7.620967741935483729e-03
-1.524193548387096746e-02
0.000000000000000000e+00
-1.209677419354838850e-02
-3.048387096774193492e-02
-1.524193548387096746e-02
-7.620967741935483729e-03
0.000000000000000000e+00
-1.524193548387096746e-02
-2.286290322580645032e-02
0.000000000000000000e+00
0.000000000000000000e+00
-1.524193548387096746e-02
0.000000000000000000e+00
-1.524193548387096746e-02
0.000000000000000000e+00
0.000000000000000000e+00
-7.620967741935483729e-03
-1.524193548387096746e-02
-7.620967741935483729e-03
-7.620967741935483729e-03
-7.620967741935483729e-03
-2.286290322580645032e-02
-2.286290322580645032e-02
0.000000000000000000e+00
-1.524193548387096746e-02
0.000000000000000000e+00
0.000000000000000000e+00
-7.620967741935483729e-03
-1.524193548387096746e-02
-7.620967741935483729e-03
0.000000000000000000e+00
0.000000000000000000e+00
-1.524193548387096746e-02
0.000000000000000000e+00
0.000000000000000000e+00
-7.620967741935483729e-03
-7.620967741935483729e-03
0.000000000000000000e+00
0.000000000000000000e+00
0.000000000000000000e+00
-2.286290322580645032e-02
-2.286290322580645032e-02
-7.620967741935483729e-03
-7.620967741935483729e-03
0.000000000000000000e+00
0.000000000000000000e+00
-1.524193548387096746e-02
0.000000000000000000e+00
0.000000000000000000e+00
0.000000000000000000e+00
-7.620967741935483729e-03
0.000000000000000000e+00
0.000000000000000000e+00
0.000000000000000000e+00
0.000000000000000000e+00
-1.524193548387096746e-02
-7.620967741935483729e-03
0.000000000000000000e+00
0.000000000000000000e+00
-7.620967741935483729e-03
0.000000000000000000e+00
0.000000000000000000e+00
0.000000000000000000e+00
0.000000000000000000e+00
0.000000000000000000e+00
-1.524193548387096746e-02
0.000000000000000000e+00
0.000000000000000000e+00
0.000000000000000000e+00
0.000000000000000000e+00
0.000000000000000000e+00
-7.620967741935483729e-03
-7.620967741935483729e-03
-7.620967741935483729e-03
0.000000000000000000e+00
0.000000000000000000e+00
-7.620967741935483729e-03
0.000000000000000000e+00
0.000000000000000000e+00
0.000000000000000000e+00
0.000000000000000000e+00
0.000000000000000000e+00
-7.620967741935483729e-03
0.000000000000000000e+00
-1.524193548387096746e-02
-7.620967741935483729e-03
0.000000000000000000e+00
-1.524193548387096746e-02
0.000000000000000000e+00
0.000000000000000000e+00
-1.524193548387096746e-02
-7.620967741935483729e-03
0.000000000000000000e+00
0.000000000000000000e+00
0.000000000000000000e+00
0.000000000000000000e+00
0.000000000000000000e+00
0.000000000000000000e+00
0.000000000000000000e+00
-7.620967741935483729e-03
0.000000000000000000e+00
-7.620967741935483729e-03
0.000000000000000000e+00
-2.286290322580645032e-02
0.000000000000000000e+00
0.000000000000000000e+00
0.000000000000000000e+00
0.000000000000000000e+00
0.000000000000000000e+00
0.000000000000000000e+00
0.000000000000000000e+00
0.000000000000000000e+00
0.000000000000000000e+00
0.000000000000000000e+00
0.000000000000000000e+00
0.000000000000000000e+00
0.000000000000000000e+00
0.000000000000000000e+00
0.000000000000000000e+00
-7.620967741935483729e-03
-1.524193548387096746e-02
0.000000000000000000e+00
0.000000000000000000e+00
0.000000000000000000e+00
0.000000000000000000e+00
0.000000000000000000e+00
0.000000000000000000e+00
0.000000000000000000e+00
0.000000000000000000e+00
0.000000000000000000e+00
-7.620967741935483729e-03
0.000000000000000000e+00
0.000000000000000000e+00
0.000000000000000000e+00
0.000000000000000000e+00
0.000000000000000000e+00
0.000000000000000000e+00
0.000000000000000000e+00
0.000000000000000000e+00
0.000000000000000000e+00
0.000000000000000000e+00
0.000000000000000000e+00
0.000000000000000000e+00
0.000000000000000000e+00
0.000000000000000000e+00
-7.620967741935483729e-03
0.000000000000000000e+00
0.000000000000000000e+00
0.000000000000000000e+00
0.000000000000000000e+00
0.000000000000000000e+00
0.000000000000000000e+00
0.000000000000000000e+00
0.000000000000000000e+00
0.000000000000000000e+00
-7.620967741935483729e-03
-7.620967741935483729e-03
0.000000000000000000e+00
0.000000000000000000e+00
0.000000000000000000e+00
0.000000000000000000e+00
0.000000000000000000e+00
0.000000000000000000e+00
0.000000000000000000e+00
0.000000000000000000e+00
0.000000000000000000e+00
0.000000000000000000e+00
0.000000000000000000e+00
0.000000000000000000e+00
0.000000000000000000e+00
0.000000000000000000e+00
0.000000000000000000e+00
0.000000000000000000e+00
0.000000000000000000e+00
0.000000000000000000e+00
0.000000000000000000e+00
0.000000000000000000e+00
0.000000000000000000e+00
0.000000000000000000e+00
0.000000000000000000e+00
0.000000000000000000e+00
0.000000000000000000e+00
0.000000000000000000e+00
0.000000000000000000e+00
0.000000000000000000e+00
0.000000000000000000e+00
0.000000000000000000e+00
0.000000000000000000e+00
-7.620967741935483729e-03
0.000000000000000000e+00
0.000000000000000000e+00
0.000000000000000000e+00
0.000000000000000000e+00
0.000000000000000000e+00
0.000000000000000000e+00
0.000000000000000000e+00
0.000000000000000000e+00
0.000000000000000000e+00
0.000000000000000000e+00
0.000000000000000000e+00
0.000000000000000000e+00
0.000000000000000000e+00
0.000000000000000000e+00
0.000000000000000000e+00
0.000000000000000000e+00
0.000000000000000000e+00
0.000000000000000000e+00
0.000000000000000000e+00
0.000000000000000000e+00
-7.620967741935483729e-03
0.000000000000000000e+00
0.000000000000000000e+00
0.000000000000000000e+00
0.000000000000000000e+00
0.000000000000000000e+00
0.000000000000000000e+00
0.000000000000000000e+00
0.000000000000000000e+00
0.000000000000000000e+00
0.000000000000000000e+00
0.000000000000000000e+00
0.000000000000000000e+00
0.000000000000000000e+00
0.000000000000000000e+00
0.000000000000000000e+00
0.000000000000000000e+00
0.000000000000000000e+00
0.000000000000000000e+00
0.000000000000000000e+00
0.000000000000000000e+00
0.000000000000000000e+00
0.000000000000000000e+00
0.000000000000000000e+00
0.000000000000000000e+00
0.000000000000000000e+00
0.000000000000000000e+00
0.000000000000000000e+00
