-6.167528225806452324e-01
-4.896716733870967175e-01
-7.621354838709676338e-01
-6.926144153225808342e-01
-5.152814516129031741e-01
-6.444042338709675688e-01
-5.946864919354838408e-01
-7.060418346774194331e-01
-5.749687500000000284e-01
-4.938347782258065144e-01
-6.727608870967743959e-01
-5.076604838709676271e-01
-6.243737903225807795e-01
-5.656188508064516896e-01
-6.422770161290323188e-01
-5.812590725806449088e-01
-4.888248991935484344e-01
-5.251152217741933415e-01
-5.978316532258065585e-01
-3.806649193548386489e-01
-3.914310483870967472e-01
-3.751711693548386850e-01
-5.857348790322579601e-01
-3.578020161290322299e-01
-4.655637096774193906e-01
-4.178876008064515424e-01
-4.551958669354838616e-01
-4.883410282258064394e-01
-4.550600806451612357e-01
-3.940923387096774144e-01
-3.182307459677419237e-01
-3.563857862903225260e-01
-3.648889112903225818e-01
-3.617437499999999750e-01
-3.039211693548387050e-01
-3.676357862903226192e-01
-3.217741935483870441e-01
-3.823938508064515518e-01
-4.601555443548387414e-01
-3.340067540322580464e-01
-4.061891129032257353e-01
-2.908920362903226198e-01
-2.908920362903225643e-01
-2.998436491935483339e-01
-3.550551411290322479e-01
-2.958517137096774996e-01
-3.461035282258064782e-01
-3.295309475806451616e-01
-3.080842741935484463e-01
-3.102114919354838629e-01
-2.608064516129031118e-01
-3.779180443548387225e-01
-2.707760080645161271e-01
-3.312598790322580089e-01
-2.945712701612903106e-01
-2.034677419354838646e-01
-2.497276209677419812e-01
-3.004633064516128993e-01
-1.685080645161290136e-01
-2.559323588709677133e-01
-3.340067540322580464e-01
-3.416277217741935379e-01
-2.761339717741935762e-01
-2.860179435483870547e-01
-2.698436491935484183e-01
-2.245161290322580938e-01
-2.550000000000000044e-01
-2.237195564516128998e-01
-2.501259072580644949e-01
-2.618243951612903020e-01
-2.376308467741935770e-01
-2.021370967741935587e-01
-1.824193548387096908e-01
-1.214516129032258002e-01
-2.912903225806451890e-01
-2.864162298387096239e-01
-2.410887096774193550e-01
-2.707760080645161271e-01
-2.213709677419354593e-01
-2.473790322580644852e-01
-1.729838709677419262e-01
-2.124193548387097175e-01
-2.352822580645160810e-01
-2.142338709677419628e-01
-2.497276209677419812e-01
-2.380291330645161463e-01
-1.900403225806451546e-01
-1.685080645161290136e-01
-1.685080645161290136e-01
-2.836693548387096975e-01
-2.250000000000000333e-01
-2.698436491935483628e-01
-2.272630040322581313e-01
-2.106904233870967313e-01
-2.034677419354838368e-01
-2.304081653225805992e-01
-1.806048387096774455e-01
-1.806048387096773900e-01
-2.137499999999999956e-01
-2.483113911290322495e-01
-1.474596774193548121e-01
-1.779435483870968060e-01
-1.837499999999999967e-01
-1.443145161290322331e-01
-1.577419354838709153e-01
-1.792741935483870563e-01
-2.313405241935483636e-01
-1.837499999999999967e-01
-1.322177419354838290e-01
-1.743145161290322875e-01
-2.546017137096773797e-01
-2.003225806451612301e-01
-1.864968750000000064e-01
-1.837499999999999967e-01
-1.474596774193548399e-01
-1.353629032258064357e-01
-1.729838709677419262e-01
-1.716532258064515926e-01
-6.991935483870967416e-02
-1.729838709677419539e-01
-1.124999999999999750e-01
-1.550806451612903036e-01
-1.550806451612903036e-01
-1.304032258064516114e-01
-1.716532258064515926e-01
-1.501209677419354793e-01
-1.366935483870967694e-01
-1.627016129032257952e-01
-1.747983870967741438e-01
-1.564112903225806095e-01
-1.156451612903225679e-01
-9.907258064516126506e-02
-1.277419354838709442e-01
-1.124999999999999750e-01
-1.398387096774193206e-01
-8.068548387096773078e-02
-8.068548387096773078e-02
-1.443145161290322609e-01
-1.506048387096774188e-01
-1.138306451612903225e-01
-1.824193548387096631e-01
-1.169758064516128737e-01
-8.963709677419352817e-02
-1.187903225806451329e-01
-1.245967741935483653e-01
-1.443145161290322331e-01
-1.169758064516128737e-01
-1.187903225806451329e-01
-1.106854838709677435e-01
-1.335483870967741904e-01
-1.366935483870967694e-01
-9.278225806451612101e-02
-1.169758064516128737e-01
-1.048790322580644974e-01
-8.068548387096773078e-02
-1.124999999999999750e-01
-1.308870967741934954e-01
-1.169758064516128876e-01
-1.366935483870967416e-01
-1.277419354838709442e-01
-7.439516129032258673e-02
-9.278225806451612101e-02
-1.245967741935483514e-01
-1.143145161290322204e-01
-8.516129032258062947e-02
-9.096774193548387566e-02
-1.335483870967742182e-01
-5.782258064516129087e-02
-6.991935483870967416e-02
-6.229838709677419650e-02
-9.592741935483868609e-02
-8.963709677419354205e-02
-8.516129032258064335e-02
-1.169758064516128737e-01
-1.474596774193548399e-01
-9.278225806451610713e-02
-9.592741935483868609e-02
-1.169758064516128876e-01
-8.516129032258062947e-02
-1.124999999999999611e-01
-5.915322580645161754e-02
-7.439516129032257286e-02
-8.830645161290320844e-02
-8.830645161290320844e-02
-1.169758064516128876e-01
-5.020161290322580627e-02
-6.544354838709677546e-02
-1.214516129032257863e-01
-1.322177419354838568e-01
-3.810483870967741604e-02
-5.020161290322580627e-02
-5.782258064516129087e-02
-8.068548387096773078e-02
-6.229838709677419650e-02
-5.467741935483871191e-02
-8.963709677419354205e-02
-8.516129032258062947e-02
-7.306451612903225312e-02
-8.383064516129030974e-02
-5.782258064516129087e-02
-7.887096774193548543e-02
-3.810483870967741604e-02
-8.963709677419352817e-02
-1.004032258064515848e-01
-4.572580645161290064e-02
-5.334677419354838523e-02
-3.495967741935483708e-02
-4.572580645161290064e-02
-9.278225806451610713e-02
-4.572580645161290064e-02
-3.048387096774193492e-02
-9.725806451612901971e-02
-6.544354838709677546e-02
-3.810483870967741604e-02
-6.096774193548386983e-02
-6.096774193548386983e-02
-8.830645161290320844e-02
-4.258064516129032168e-02
-3.495967741935483708e-02
-6.096774193548386983e-02
-5.020161290322580627e-02
-2.286290322580645032e-02
-6.677419354838709520e-02
-4.258064516129032168e-02
-6.229838709677419650e-02
-6.858870967741935443e-02
-2.286290322580645032e-02
-1.156451612903225401e-01
-5.467741935483871191e-02
-2.286290322580645032e-02
-1.524193548387096746e-02
-7.439516129032258673e-02
-5.334677419354838523e-02
-3.810483870967741604e-02
-5.782258064516129087e-02
-8.516129032258062947e-02
-5.334677419354838523e-02
-4.572580645161290064e-02
-5.467741935483871191e-02
-5.020161290322580627e-02
-5.782258064516129087e-02
-6.858870967741935443e-02
-1.524193548387096746e-02
-3.048387096774193492e-02
-4.572580645161290064e-02
-3.048387096774193492e-02
-5.020161290322580627e-02
-3.810483870967741604e-02
-3.495967741935483708e-02
-3.048387096774193492e-02
-3.810483870967741604e-02
-3.048387096774193492e-02
-5.467741935483871191e-02
-2.286290322580645032e-02
-5.782258064516129087e-02
-5.020161290322580627e-02
-5.153225806451613294e-02
-4.258064516129032168e-02
-1.971774193548387136e-02
-2.419354838709677699e-02
-5.782258064516129087e-02
-2.733870967741935595e-02
-5.334677419354838523e-02
-5.782258064516129087e-02
-2.733870967741935595e-02
-4.258064516129032168e-02
-5.020161290322580627e-02
-1.971774193548387136e-02
-4.572580645161290064e-02
-7.620967741935483729e-03
-3.048387096774193492e-02
-3.810483870967741604e-02
-4.572580645161290064e-02
-3.048387096774193492e-02
-3.048387096774193492e-02
-4.572580645161290064e-02
-3.810483870967741604e-02
-3.810483870967741604e-02
-2.286290322580645032e-02
-3.048387096774193492e-02
-1.524193548387096746e-02
-7.620967741935483729e-03
-1.524193548387096746e-02
0.000000000000000000e+00
-3.048387096774193492e-02
-5.334677419354838523e-02
-5.020161290322580627e-02
-1.524193548387096746e-02
-1.524193548387096746e-02
-3.048387096774193492e-02
-5.334677419354838523e-02
-2.733870967741935595e-02
-4.258064516129032168e-02
-2.286290322580645032e-02
-2.286290322580645032e-02
-4.258064516129032168e-02
-2.286290322580645032e-02
-3.048387096774193492e-02
-7.620967741935483729e-03
-3.048387096774193492e-02
-3.810483870967741604e-02
-7.620967741935483729e-03
-3.810483870967741604e-02
-1.524193548387096746e-02
-3.495967741935483708e-02
-3.810483870967741604e-02
-7.620967741935483729e-03
-3.810483870967741604e-02
-5.020161290322580627e-02
-7.620967741935483729e-03
-3.048387096774193492e-02
-2.286290322580645032e-02
-7.620967741935483729e-03
-3.810483870967741604e-02
-1.524193548387096746e-02
-1.524193548387096746e-02
-1.524193548387096746e-02
-2.286290322580645032e-02
-1.524193548387096746e-02
-2.286290322580645032e-02
-3.048387096774193492e-02
-1.524193548387096746e-02
-3.048387096774193492e-02
-7.620967741935483729e-03
-1.524193548387096746e-02
-2.286290322580645032e-02
-7.620967741935483729e-03
-1.524193548387096746e-02
-1.524193548387096746e-02
0.000000000000000000e+00
0.000000000000000000e+00
-1.524193548387096746e-02
-3.495967741935483708e-02
0.000000000000000000e+00
-1.524193548387096746e-02
-1.524193548387096746e-02
-2.286290322580645032e-02
-2.286290322580645032e-02
-7.620967741935483729e-03
-7.620967741935483729e-03
-1.524193548387096746e-02
-7.620967741935483729e-03
-1.524193548387096746e-02
-7.620967741935483729e-03
-7.620967741935483729e-03
-3.810483870967741604e-02
-7.620967741935483729e-03
0.000000000000000000e+00
-7.620967741935483729e-03
-3.810483870967741604e-02
-3.048387096774193492e-02
-1.971774193548387136e-02
-2.286290322580645032e-02
-1.971774193548387136e-02
0.000000000000000000e+00
-7.620967741935483729e-03
-7.620967741935483729e-03
-1.524193548387096746e-02
0.000000000000000000e+00
-3.810483870967741604e-02
-1.524193548387096746e-02
-7.620967741935483729e-03
-1.209677419354838850e-02
-1.524193548387096746e-02
-1.971774193548387136e-02
-7.620967741935483729e-03
-2.286290322580645032e-02
-7.620967741935483729e-03
-1.524193548387096746e-02
-1.524193548387096746e-02
-1.524193548387096746e-02
-2.286290322580645032e-02
-7.620967741935483729e-03
0.000000000000000000e+00
-1.524193548387096746e-02
-7.620967741935483729e-03
-2.286290322580645032e-02
-2.286290322580645032e-02
-7.620967741935483729e-03
-7.620967741935483729e-03
-7.620967741935483729e-03
-1.524193548387096746e-02
-7.620967741935483729e-03
0.000000000000000000e+00
-7.620967741935483729e-03
-7.620967741935483729e-03
-1.524193548387096746e-02
0.000000000000000000e+00
0.000000000000000000e+00
-7.620967741935483729e-03
-7.620967741935483729e-03
0.000000000000000000e+00
0.000000000000000000e+00
-7.620967741935483729e-03
0.000000000000000000e+00
-3.495967741935483708e-02
0.000000000000000000e+00
-1.524193548387096746e-02
-7.620967741935483729e-03
0.000000000000000000e+00
-1.524193548387096746e-02
-2.286290322580645032e-02
-2.286290322580645032e-02
0.000000000000000000e+00
0.000000000000000000e+00
-1.524193548387096746e-02
0.000000000000000000e+00
-7.620967741935483729e-03
-7.620967741935483729e-03
0.000000000000000000e+00
0.000000000000000000e+00
-7.620967741935483729e-03
-7.620967741935483729e-03
0.000000000000000000e+00
-7.620967741935483729e-03
-1.524193548387096746e-02
-7.620967741935483729e-03
0.000000000000000000e+00
0.000000000000000000e+00
0.000000000000000000e+00
-7.620967741935483729e-03
0.000000000000000000e+00
-7.620967741935483729e-03
0.000000000000000000e+00
0.000000000000000000e+00
0.000000000000000000e+00
0.000000000000000000e+00
0.000000000000000000e+00
-7.620967741935483729e-03
-7.620967741935483729e-03
-7.620967741935483729e-03
0.000000000000000000e+00
0.000000000000000000e+00
0.000000000000000000e+00
-7.620967741935483729e-03
0.000000000000000000e+00
0.000000000000000000e+00
0.000000000000000000e+00
0.000000000000000000e+00
0.000000000000000000e+00
0.000000000000000000e+00
-7.620967741935483729e-03
-7.620967741935483729e-03
0.000000000000000000e+00
-7.620967741935483729e-03
-7.620967741935483729e-03
0.000000000000000000e+00
0.000000000000000000e+00
0.000000000000000000e+00
0.000000000000000000e+00
-7.620967741935483729e-03
-1.524193548387096746e-02
0.000000000000000000e+00
0.000000000000000000e+00
0.000000000000000000e+00
0.000000000000000000e+00
0.000000000000000000e+00
0.000000000000000000e+00
0.000000000000000000e+00
0.000000000000000000e+00
0.000000000000000000e+00
0.000000000000000000e+00
0.000000000000000000e+00
0.000000000000000000e+00
0.000000000000000000e+00
0.000000000000000000e+00
0.000000000000000000e+00
0.000000000000000000e+00
0.000000000000000000e+00
0.000000000000000000e+00
0.000000000000000000e+00
0.000000000000000000e+00
0.000000000000000000e+00
0.000000000000000000e+00
-7.620967741935483729e-03
-7.620967741935483729e-03
0.000000000000000000e+00
0.000000000000000000e+00
0.000000000000000000e+00
0.000000000000000000e+00
-7.620967741935483729e-03
0.000000000000000000e+00
-7.620967741935483729e-03
0.000000000000000000e+00
0.000000000000000000e+00
0.000000000000000000e+00
0.000000000000000000e+00
0.000000000000000000e+00
0.000000000000000000e+00
0.000000000000000000e+00
0.000000000000000000e+00
-7.620967741935483729e-03
0.000000000000000000e+00
0.000000000000000000e+00
0.000000000000000000e+00
0.000000000000000000e+00
0.000000000000000000e+00
0.000000000000000000e+00
0.000000000000000000e+00
0.000000000000000000e+00
0.000000000000000000e+00
0.000000000000000000e+00
0.000000000000000000e+00
0.000000000000000000e+00
0.000000000000000000e+00
0.000000000000000000e+00
0.000000000000000000e+00
0.000000000000000000e+00
0.000000000000000000e+00
0.000000000000000000e+00
0.000000000000000000e+00
0.000000000000000000e+00
0.000000000000000000e+00
0.000000000000000000e+00
0.000000000000000000e+00
0.000000000000000000e+00
0.000000000000000000e+00
0.000000000000000000e+00
0.000000000000000000e+00
0.000000000000000000e+00
0.000000000000000000e+00
0.000000000000000000e+00
-7.620967741935483729e-03
0.000000000000000000e+00
0.000000000000000000e+00
0.000000000000000000e+00
0.000000000000000000e+00
0.000000000000000000e+00
0.000000000000000000e+00
0.000000000000000000e+00
0.000000000000000000e+00
0.000000000000000000e+00
0.000000000000000000e+00
0.000000000000000000e+00
0.000000000000000000e+00
0.000000000000000000e+00
-7.620967741935483729e-03
0.000000000000000000e+00
-7.620967741935483729e-03
0.000000000000000000e+00
0.000000000000000000e+00
0.000000000000000000e+00
0.000000000000000000e+00
0.000000000000000000e+00
0.000000000000000000e+00
0.000000000000000000e+00
0.000000000000000000e+00
0.000000000000000000e+00
0.000000000000000000e+00
0.000000000000000000e+00
-7.620967741935483729e-03
0.000000000000000000e+00
0.000000000000000000e+00
0.000000000000000000e+00
0.000000000000000000e+00
0.000000000000000000e+00
0.000000000000000000e+00
0.000000000000000000e+00
0.000000000000000000e+00
0.000000000000000000e+00
0.000000000000000000e+00
0.000000000000000000e+00
0.000000000000000000e+00
-7.620967741935483729e-03
0.000000000000000000e+00
0.000000000000000000e+00
0.000000000000000000e+00
0.000000000000000000e+00
0.000000000000000000e+00
0.000000000000000000e+00
0.000000000000000000e+00
0.000000000000000000e+00
0.000000000000000000e+00
0.000000000000000000e+00
0.000000000000000000e+00
0.000000000000000000e+00
0.000000000000000000e+00
0.000000000000000000e+00
0.000000000000000000e+00
0.000000000000000000e+00
0.000000000000000000e+00
0.000000000000000000e+00
0.000000000000000000e+00
0.000000000000000000e+00
0.000000000000000000e+00
0.000000000000000000e+00
0.000000000000000000e+00
0.000000000000000000e+00
0.000000000000000000e+00
0.000000000000000000e+00
0.000000000000000000e+00
0.000000000000000000e+00
0.000000000000000000e+00
0.000000000000000000e+00
0.000000000000000000e+00
0.000000000000000000e+00
-7.620967741935483729e-03
0.000000000000000000e+00
0.000000000000000000e+00
0.000000000000000000e+00
