-7.289903225806452225e-01
-7.617371975806452866e-01
-6.602658266129033393e-01
-6.513142137096774587e-01
-8.097260080645163338e-01
-5.080587701612903073e-01
-5.156797379032257433e-01
-7.303209677419355561e-01
-5.255637096774193884e-01
-6.015108870967741383e-01
-5.229024193548387212e-01
-5.489104838709676359e-01
-4.914861895161289906e-01
-5.539203629032256604e-01
-5.933558467741937292e-01
-5.000395161290323021e-01
-4.887393145161289532e-01
-6.234414314516130151e-01
-5.503769153225805955e-01
-5.076604838709677381e-01
-4.842635080645161239e-01
-4.290520161290323209e-01
-5.606591733870968097e-01
-4.335278225806451502e-01
-3.246568548387096520e-01
-3.833262096774193162e-01
-5.260475806451613279e-01
-3.585985887096773683e-01
-3.851407258064516448e-01
-4.456245967741935265e-01
-3.644906250000000125e-01
-3.734422379032257822e-01
-4.282554435483870714e-01
-2.366129032258063869e-01
-4.614006048387096492e-01
-3.492486895161290295e-01
-3.371519153225806531e-01
-4.483714717741935085e-01
-3.137549395161290389e-01
-3.029888104838709961e-01
-4.138100806451612268e-01
-2.887648185483870922e-01
-2.999292338709677597e-01
-3.021922379032258577e-01
-2.967840725806451530e-01
-3.416277217741935379e-01
-3.285985887096773972e-01
-3.146872983870968032e-01
-2.752518145161290120e-01
-3.622778225806451702e-01
-3.285985887096773972e-01
-4.694198588709676545e-01
-2.846872983870967766e-01
-3.272679435483871191e-01
-2.828727822580645590e-01
-3.039211693548387050e-01
-3.133566532258064696e-01
-2.663002016129032423e-01
-2.743194556451613031e-01
-2.348839717741935396e-01
-2.702419354838709875e-01
-2.693597782258064233e-01
-2.994453629032257647e-01
-2.864162298387096794e-01
-3.688808467741935271e-01
-2.425049395161290311e-01
-2.518548387096773977e-01
-2.832710685483871282e-01
-3.088808467741935293e-01
-1.958467741935483730e-01
-3.102114919354838629e-01
-2.828727822580645035e-01
-2.061290322580644763e-01
-1.833517137096774274e-01
-3.002419354838709031e-01
-1.985080645161290125e-01
-3.209776209677419612e-01
-2.635533266129032048e-01
-1.824193548387096908e-01
-1.819354838709677236e-01
-1.989919354838709520e-01
-1.487903225806451180e-01
-2.626209677419354960e-01
-2.183113911290322229e-01
-2.276612903225806173e-01
-1.685080645161290136e-01
-3.007258064516128981e-01
-1.747983870967741715e-01
-2.061290322580644763e-01
-2.370967741935483819e-01
-1.792741935483870841e-01
-2.263306451612903669e-01
-1.850806451612902748e-01
-2.155645161290322409e-01
-1.868951612903225479e-01
-1.640322580645161288e-01
-1.537499999999999700e-01
-2.129032258064516292e-01
-1.474596774193548121e-01
-2.021370967741935587e-01
-1.774596774193548387e-01
-1.666935483870967405e-01
-2.079435483870967494e-01
-1.622177419354838834e-01
-1.729838709677419262e-01
-1.487903225806451180e-01
-1.156451612903225540e-01
-1.443145161290322331e-01
-2.352822580645161088e-01
-1.443145161290322331e-01
-2.231854838709677602e-01
-1.487903225806451735e-01
-1.411693548387096542e-01
-1.398387096774193206e-01
-1.685080645161290136e-01
-1.290725806451612501e-01
-1.595564516129031885e-01
-1.264112903225806106e-01
-1.487903225806451735e-01
-1.792741935483870841e-01
-1.532661290322580583e-01
-1.340322580645161021e-01
-1.577419354838709709e-01
-1.931854838709677891e-01
-1.245967741935483514e-01
-9.544354838709677435e-02
-9.592741935483868609e-02
-9.411290322580642687e-02
-1.214516129032257863e-01
-1.519354838709677247e-01
-1.671774193548387077e-01
-1.138306451612902948e-01
-1.004032258064515987e-01
-1.214516129032257863e-01
-1.048790322580645112e-01
-1.443145161290322331e-01
-1.366935483870967694e-01
-1.290725806451612501e-01
-1.474596774193547843e-01
-9.725806451612901971e-02
-1.318194556451612598e-01
-1.187903225806451191e-01
-1.093548387096773961e-01
-1.353629032258064357e-01
-1.093548387096774099e-01
-1.138306451612903086e-01
-1.685080645161290691e-01
-1.322177419354838568e-01
-1.506048387096773911e-01
-6.544354838709677546e-02
-1.169758064516128876e-01
-1.353629032258064357e-01
-1.519354838709677524e-01
-6.544354838709677546e-02
-7.754032258064515182e-02
-1.138306451612903086e-01
-1.124999999999999750e-01
-1.398387096774193483e-01
-1.169758064516128737e-01
-9.411290322580645462e-02
-1.443145161290322609e-01
-8.963709677419354205e-02
-1.322177419354838568e-01
-1.353629032258064357e-01
-1.080241935483870624e-01
-8.516129032258064335e-02
-9.411290322580644074e-02
-1.004032258064515987e-01
-1.685080645161290414e-01
-1.564112903225806650e-01
-1.124999999999999889e-01
-1.245967741935483653e-01
-6.991935483870967416e-02
-8.649193548387096309e-02
-8.963709677419352817e-02
-8.068548387096773078e-02
-8.516129032258062947e-02
-9.278225806451610713e-02
-1.048790322580644974e-01
-5.334677419354838523e-02
-9.278225806451610713e-02
-7.620967741935483208e-02
-8.830645161290320844e-02
-8.068548387096773078e-02
-6.991935483870967416e-02
-8.383064516129030974e-02
-1.156451612903225540e-01
-1.353629032258064357e-01
-8.830645161290320844e-02
-7.439516129032258673e-02
-8.516129032258064335e-02
-7.306451612903225312e-02
-7.754032258064515182e-02
-9.278225806451612101e-02
-8.830645161290322231e-02
-3.048387096774193492e-02
-8.830645161290320844e-02
-5.020161290322580627e-02
-6.229838709677419650e-02
-8.068548387096773078e-02
-9.411290322580644074e-02
-1.066935483870967427e-01
-5.782258064516129087e-02
-8.516129032258064335e-02
-5.782258064516129087e-02
-9.725806451612901971e-02
-7.754032258064515182e-02
-5.020161290322580627e-02
-6.991935483870967416e-02
-6.096774193548386983e-02
-7.754032258064515182e-02
-6.991935483870967416e-02
-7.620967741935483208e-02
-4.705645161290322731e-02
-6.362903225806451624e-02
-6.991935483870967416e-02
-3.810483870967741604e-02
-5.782258064516129087e-02
-6.858870967741935443e-02
-5.467741935483871191e-02
-2.733870967741935595e-02
-6.858870967741935443e-02
-8.830645161290320844e-02
-7.620967741935483208e-02
-3.048387096774193492e-02
-3.495967741935483708e-02
-6.991935483870967416e-02
-3.810483870967741604e-02
-7.754032258064515182e-02
-3.810483870967741604e-02
-8.963709677419354205e-02
-4.258064516129032168e-02
-7.754032258064515182e-02
-5.020161290322580627e-02
-6.544354838709677546e-02
-5.334677419354838523e-02
-4.572580645161290064e-02
-5.782258064516129087e-02
-3.048387096774193492e-02
-3.810483870967741604e-02
-4.572580645161290064e-02
-3.943548387096774271e-02
-6.096774193548386983e-02
-6.544354838709677546e-02
-7.620967741935483208e-02
-6.544354838709677546e-02
-6.229838709677419650e-02
-4.258064516129032168e-02
-6.096774193548386983e-02
-3.495967741935483708e-02
-2.733870967741935595e-02
-4.258064516129032168e-02
-1.524193548387096746e-02
-7.620967741935483729e-03
-3.048387096774193492e-02
-3.810483870967741604e-02
-4.258064516129032168e-02
-2.733870967741935595e-02
0.000000000000000000e+00
-4.705645161290322731e-02
-6.544354838709677546e-02
-4.705645161290322731e-02
-1.524193548387096746e-02
-1.524193548387096746e-02
-3.048387096774193492e-02
-3.810483870967741604e-02
-3.495967741935483708e-02
-6.096774193548386983e-02
-3.048387096774193492e-02
-2.286290322580645032e-02
-3.048387096774193492e-02
-4.258064516129032168e-02
-5.334677419354838523e-02
-5.334677419354838523e-02
-7.620967741935483729e-03
-1.209677419354838850e-02
-1.971774193548387136e-02
-4.258064516129032168e-02
-2.733870967741935595e-02
-3.810483870967741604e-02
-4.258064516129032168e-02
-1.971774193548387136e-02
-3.048387096774193492e-02
-1.524193548387096746e-02
-3.048387096774193492e-02
-2.286290322580645032e-02
-2.286290322580645032e-02
-4.572580645161290064e-02
-3.495967741935483708e-02
-4.572580645161290064e-02
-3.810483870967741604e-02
-3.048387096774193492e-02
-3.810483870967741604e-02
-2.286290322580645032e-02
-2.733870967741935595e-02
-4.572580645161290064e-02
-5.020161290322580627e-02
-1.524193548387096746e-02
-3.048387096774193492e-02
-7.620967741935483729e-03
-7.620967741935483729e-03
-3.048387096774193492e-02
-3.495967741935483708e-02
-3.943548387096774271e-02
-1.524193548387096746e-02
-7.620967741935483729e-03
-2.286290322580645032e-02
-2.733870967741935595e-02
-3.810483870967741604e-02
-1.524193548387096746e-02
-1.524193548387096746e-02
-7.620967741935483729e-03
-1.524193548387096746e-02
-1.209677419354838850e-02
-7.620967741935483729e-03
-2.286290322580645032e-02
-2.286290322580645032e-02
-2.286290322580645032e-02
-7.620967741935483729e-03
-3.495967741935483708e-02
-1.971774193548387136e-02
-3.048387096774193492e-02
-7.620967741935483729e-03
-3.181451612903225812e-02
-7.620967741935483729e-03
-1.971774193548387136e-02
-7.620967741935483729e-03
-4.258064516129032168e-02
-4.572580645161290064e-02
-7.620967741935483729e-03
0.000000000000000000e+00
0.000000000000000000e+00
-1.524193548387096746e-02
-1.524193548387096746e-02
-1.524193548387096746e-02
-2.286290322580645032e-02
0.000000000000000000e+00
-3.810483870967741604e-02
-7.620967741935483729e-03
-7.620967741935483729e-03
-7.620967741935483729e-03
-3.810483870967741604e-02
-1.524193548387096746e-02
-1.524193548387096746e-02
-7.620967741935483729e-03
-2.286290322580645032e-02
-7.620967741935483729e-03
-7.620967741935483729e-03
-7.620967741935483729e-03
-7.620967741935483729e-03
-2.286290322580645032e-02
-2.286290322580645032e-02
-1.524193548387096746e-02
-7.620967741935483729e-03
0.000000000000000000e+00
-3.048387096774193492e-02
0.000000000000000000e+00
-1.524193548387096746e-02
-7.620967741935483729e-03
-1.524193548387096746e-02
-7.620967741935483729e-03
-2.286290322580645032e-02
-7.620967741935483729e-03
-7.620967741935483729e-03
-3.810483870967741604e-02
-7.620967741935483729e-03
-7.620967741935483729e-03
-7.620967741935483729e-03
-7.620967741935483729e-03
0.000000000000000000e+00
-1.524193548387096746e-02
0.000000000000000000e+00
0.000000000000000000e+00
-7.620967741935483729e-03
-7.620967741935483729e-03
-7.620967741935483729e-03
-1.524193548387096746e-02
0.000000000000000000e+00
-7.620967741935483729e-03
-7.620967741935483729e-03
-7.620967741935483729e-03
-7.620967741935483729e-03
-7.620967741935483729e-03
0.000000000000000000e+00
-2.286290322580645032e-02
0.000000000000000000e+00
0.000000000000000000e+00
-2.286290322580645032e-02
0.000000000000000000e+00
-7.620967741935483729e-03
0.000000000000000000e+00
0.000000000000000000e+00
-7.620967741935483729e-03
-1.524193548387096746e-02
0.000000000000000000e+00
0.000000000000000000e+00
-1.209677419354838850e-02
0.000000000000000000e+00
-7.620967741935483729e-03
-1.524193548387096746e-02
0.000000000000000000e+00
0.000000000000000000e+00
0.000000000000000000e+00
-7.620967741935483729e-03
0.000000000000000000e+00
-3.048387096774193492e-02
0.000000000000000000e+00
-7.620967741935483729e-03
-7.620967741935483729e-03
0.000000000000000000e+00
0.000000000000000000e+00
0.000000000000000000e+00
-1.524193548387096746e-02
0.000000000000000000e+00
0.000000000000000000e+00
0.000000000000000000e+00
0.000000000000000000e+00
0.000000000000000000e+00
0.000000000000000000e+00
-7.620967741935483729e-03
-1.524193548387096746e-02
0.000000000000000000e+00
-7.620967741935483729e-03
-7.620967741935483729e-03
0.000000000000000000e+00
-7.620967741935483729e-03
0.000000000000000000e+00
0.000000000000000000e+00
0.000000000000000000e+00
-7.620967741935483729e-03
0.000000000000000000e+00
0.000000000000000000e+00
-7.620967741935483729e-03
0.000000000000000000e+00
-7.620967741935483729e-03
-7.620967741935483729e-03
0.000000000000000000e+00
0.000000000000000000e+00
-7.620967741935483729e-03
0.000000000000000000e+00
-7.620967741935483729e-03
0.000000000000000000e+00
0.000000000000000000e+00
0.000000000000000000e+00
-7.620967741935483729e-03
0.000000000000000000e+00
-7.620967741935483729e-03
0.000000000000000000e+00
0.000000000000000000e+00
0.000000000000000000e+00
-7.620967741935483729e-03
0.000000000000000000e+00
0.000000000000000000e+00
-7.620967741935483729e-03
0.000000000000000000e+00
0.000000000000000000e+00
-7.620967741935483729e-03
0.000000000000000000e+00
-7.620967741935483729e-03
0.000000000000000000e+00
0.000000000000000000e+00
0.000000000000000000e+00
0.000000000000000000e+00
0.000000000000000000e+00
-7.620967741935483729e-03
0.000000000000000000e+00
-7.620967741935483729e-03
0.000000000000000000e+00
0.000000000000000000e+00
0.000000000000000000e+00
0.000000000000000000e+00
0.000000000000000000e+00
0.000000000000000000e+00
0.000000000000000000e+00
0.000000000000000000e+00
0.000000000000000000e+00
0.000000000000000000e+00
0.000000000000000000e+00
0.000000000000000000e+00
0.000000000000000000e+00
0.000000000000000000e+00
0.000000000000000000e+00
0.000000000000000000e+00
0.000000000000000000e+00
-1.524193548387096746e-02
-7.620967741935483729e-03
0.000000000000000000e+00
0.000000000000000000e+00
0.000000000000000000e+00
0.000000000000000000e+00
0.000000000000000000e+00
0.000000000000000000e+00
0.000000000000000000e+00
0.000000000000000000e+00
0.000000000000000000e+00
0.000000000000000000e+00
-7.620967741935483729e-03
0.000000000000000000e+00
0.000000000000000000e+00
0.000000000000000000e+00
0.000000000000000000e+00
0.000000000000000000e+00
-7.620967741935483729e-03
0.000000000000000000e+00
-7.620967741935483729e-03
0.000000000000000000e+00
0.000000000000000000e+00
0.000000000000000000e+00
0.000000000000000000e+00
0.000000000000000000e+00
-7.620967741935483729e-03
0.000000000000000000e+00
0.000000000000000000e+00
0.000000000000000000e+00
0.000000000000000000e+00
0.000000000000000000e+00
0.000000000000000000e+00
0.000000000000000000e+00
0.000000000000000000e+00
0.000000000000000000e+00
0.000000000000000000e+00
0.000000000000000000e+00
0.000000000000000000e+00
0.000000000000000000e+00
0.000000000000000000e+00
0.000000000000000000e+00
0.000000000000000000e+00
0.000000000000000000e+00
0.000000000000000000e+00
0.000000000000000000e+00
0.000000000000000000e+00
0.000000000000000000e+00
0.000000000000000000e+00
0.000000000000000000e+00
0.000000000000000000e+00
0.000000000000000000e+00
0.000000000000000000e+00
0.000000000000000000e+00
0.000000000000000000e+00
0.000000000000000000e+00
0.000000000000000000e+00
0.000000000000000000e+00
0.000000000000000000e+00
0.000000000000000000e+00
0.000000000000000000e+00
-7.620967741935483729e-03
0.000000000000000000e+00
0.000000000000000000e+00
0.000000000000000000e+00
0.000000000000000000e+00
0.000000000000000000e+00
0.000000000000000000e+00
0.000000000000000000e+00
0.000000000000000000e+00
0.000000000000000000e+00
-7.620967741935483729e-03
0.000000000000000000e+00
0.000000000000000000e+00
0.000000000000000000e+00
0.000000000000000000e+00
-7.620967741935483729e-03
0.000000000000000000e+00
0.000000000000000000e+00
0.000000000000000000e+00
0.000000000000000000e+00
0.000000000000000000e+00
0.000000000000000000e+00
0.000000000000000000e+00
0.000000000000000000e+00
0.000000000000000000e+00
0.000000000000000000e+00
0.000000000000000000e+00
0.000000000000000000e+00
0.000000000000000000e+00
0.000000000000000000e+00
0.000000000000000000e+00
0.000000000000000000e+00
0.000000000000000000e+00
0.000000000000000000e+00
0.000000000000000000e+00
0.000000000000000000e+00
0.000000000000000000e+00
0.000000000000000000e+00
0.000000000000000000e+00
0.000000000000000000e+00
0.000000000000000000e+00
0.000000000000000000e+00
0.000000000000000000e+00
0.000000000000000000e+00
0.000000000000000000e+00
0.000000000000000000e+00
0.000000000000000000e+00
0.000000000000000000e+00
0.000000000000000000e+00
0.000000000000000000e+00
0.000000000000000000e+00
0.000000000000000000e+00
0.000000000000000000e+00
0.000000000000000000e+00
0.000000000000000000e+00
