-1.334377614158374747e+00
-1.005976873619441436e+00
-1.393097386428677087e+00
-1.205437586304152875e+00
-1.254059572484735208e+00
-1.274547666905497367e+00
-1.383033397050420055e+00
-1.435355962469111901e+00
-1.238818376263709498e+00
-1.508698030602111828e+00
-1.658342127012316869e+00
-1.211017909246373092e+00
-8.241517120780844641e-01
-1.456040331225308071e+00
-1.452337617913376011e+00
-1.588386708357209853e+00
-1.356178484637088344e+00
-1.631527707339997635e+00
-1.376896290285701374e+00
-1.438793481543603425e+00
-1.258840260946527678e+00
-1.733949220149784365e+00
-8.109381632505400228e-01
-8.387312060834857252e-01
-7.876095071627057242e-01
-1.324242695453145879e+00
-1.432177616371399953e+00
-1.318219999452663327e+00
-1.332674566158551288e+00
-1.520423943172139136e+00
-1.639258119275369241e+00
-1.069266672176198973e+00
-1.005384691764361182e+00
-9.574685003423211160e-01
-1.011112931404227755e+00
-9.476651324901741447e-01
-1.056994938857425126e+00
-7.782595999503963968e-01
-1.112182213752354487e+00
-1.447440995983253265e+00
-1.760322013150021903e+00
-8.999475628995231569e-01
-9.995484740047921868e-01
-9.327597310568169764e-01
-9.188132164468820751e-01
-7.860052051298948017e-01
-9.869439557628213455e-01
-9.249805978983988153e-01
-1.035647537442778710e+00
-1.057848086987659642e+00
-1.091678909172881129e+00
-1.121924558403263106e+00
-1.083486688856126090e+00
-1.202020030914857651e+00
-1.233847403937014420e+00
-1.370477607706124035e+00
-1.173502049991143714e+00
-1.192992439018096151e+00
-1.152866239724223973e+00
-1.071341652795191779e+00
-9.379354349573114646e-01
-1.058236779662623972e+00
-1.096194401520626638e+00
-1.143114209407614767e+00
-1.211099627849669291e+00
-1.221970850015300369e+00
-1.183553135606056905e+00
-1.209325847047948432e+00
-1.993440439642765183e+00
-1.614432278200327087e+00
-1.602490036841751175e+00
-1.614432278200327087e+00
-1.614432278200327087e+00
-1.602490036841751175e+00
-1.602490036841751175e+00
-7.579021935794254539e-01
-1.070021041401751472e+00
-1.153912392923023722e+00
-1.150437309179579204e+00
-1.266459964835749741e+00
-1.123633967311501003e+00
-1.428649468073891482e+00
-1.491789174026851850e+00
-1.253460660829120554e+00
-1.594769433696231475e+00
-8.339073413311735017e-01
-9.074645739024523872e-01
-9.074645739024523872e-01
-9.074645739024523872e-01
-8.339073413311735017e-01
-9.074645739024523872e-01
-9.074645739024523872e-01
-8.339073413311735017e-01
-9.074645739024523872e-01
-9.074645739024523872e-01
-8.576165375465055751e-01
-9.074645739024523872e-01
-9.074645739024523872e-01
-8.576165375465055751e-01
-9.074645739024523872e-01
-8.576165375465055751e-01
-8.576165375465055751e-01
-9.074645739024523872e-01
-8.576165375465055751e-01
-9.074645739024523872e-01
-9.074645739024523872e-01
-8.339073413311735017e-01
-9.074645739024523872e-01
-9.074645739024523872e-01
-9.074645739024523872e-01
-9.074645739024523872e-01
-8.339073413311735017e-01
-8.576165375465055751e-01
-9.074645739024523872e-01
-9.074645739024523872e-01
-9.074645739024523872e-01
-9.074645739024523872e-01
-9.074645739024523872e-01
-9.074645739024523872e-01
-8.576165375465055751e-01
-8.576165375465055751e-01
-8.339073413311735017e-01
-9.074645739024523872e-01
-9.074645739024523872e-01
-8.576165375465055751e-01
-8.576165375465055751e-01
-9.074645739024523872e-01
-9.074645739024523872e-01
-9.074645739024523872e-01
-9.074645739024523872e-01
-8.339073413311735017e-01
-9.074645739024523872e-01
-9.074645739024523872e-01
-9.074645739024523872e-01
-9.074645739024523872e-01
-9.074645739024523872e-01
-9.074645739024523872e-01
-8.576165375465055751e-01
-9.074645739024523872e-01
-8.339073413311735017e-01
-9.074645739024523872e-01
-9.074645739024523872e-01
-9.074645739024523872e-01
-8.576165375465055751e-01
-9.074645739024523872e-01
-9.074645739024523872e-01
-9.074645739024523872e-01
-8.576165375465055751e-01
-9.074645739024523872e-01
-9.074645739024523872e-01
-9.074645739024523872e-01
-9.074645739024523872e-01
-9.074645739024523872e-01
-9.074645739024523872e-01
-9.074645739024523872e-01
-8.339073413311735017e-01
-8.576165375465055751e-01
-9.074645739024523872e-01
-9.074645739024523872e-01
-8.576165375465055751e-01
-9.074645739024523872e-01
-9.074645739024523872e-01
-9.074645739024523872e-01
-9.074645739024523872e-01
-8.576165375465055751e-01
-9.074645739024523872e-01
-9.074645739024523872e-01
-9.074645739024523872e-01
-9.074645739024523872e-01
-9.074645739024523872e-01
-9.074645739024523872e-01
-9.074645739024523872e-01
-8.576165375465055751e-01
-8.576165375465055751e-01
-9.074645739024523872e-01
-9.074645739024523872e-01
-8.339073413311735017e-01
-8.576165375465055751e-01
-9.074645739024523872e-01
-8.339073413311735017e-01
-9.074645739024523872e-01
-9.074645739024523872e-01
-9.074645739024523872e-01
-9.074645739024523872e-01
-8.339073413311735017e-01
-9.074645739024523872e-01
-8.576165375465055751e-01
-9.074645739024523872e-01
-9.074645739024523872e-01
-9.074645739024523872e-01
-9.074645739024523872e-01
-9.074645739024523872e-01
-9.074645739024523872e-01
-9.074645739024523872e-01
-8.576165375465055751e-01
-9.074645739024523872e-01
-9.074645739024523872e-01
-8.576165375465055751e-01
-9.074645739024523872e-01
-8.339073413311735017e-01
-9.074645739024523872e-01
-9.074645739024523872e-01
-8.576165375465055751e-01
-9.074645739024523872e-01
-8.576165375465055751e-01
-9.074645739024523872e-01
-9.074645739024523872e-01
-9.074645739024523872e-01
-9.074645739024523872e-01
-9.074645739024523872e-01
-8.576165375465055751e-01
-9.074645739024523872e-01
-9.074645739024523872e-01
-9.074645739024523872e-01
-9.074645739024523872e-01
-9.074645739024523872e-01
-9.074645739024523872e-01
-9.074645739024523872e-01
-9.074645739024523872e-01
-9.074645739024523872e-01
-9.074645739024523872e-01
-9.074645739024523872e-01
-9.074645739024523872e-01
-8.576165375465055751e-01
-9.074645739024523872e-01
-9.074645739024523872e-01
-9.074645739024523872e-01
-8.576165375465055751e-01
-9.074645739024523872e-01
-9.074645739024523872e-01
-9.074645739024523872e-01
-9.074645739024523872e-01
-9.074645739024523872e-01
-9.074645739024523872e-01
-9.074645739024523872e-01
-9.074645739024523872e-01
-9.074645739024523872e-01
-9.074645739024523872e-01
-9.074645739024523872e-01
-9.074645739024523872e-01
-9.074645739024523872e-01
-9.074645739024523872e-01
-9.074645739024523872e-01
-9.074645739024523872e-01
-9.074645739024523872e-01
-9.074645739024523872e-01
-9.074645739024523872e-01
-9.074645739024523872e-01
-9.074645739024523872e-01
-8.576165375465055751e-01
-9.074645739024523872e-01
-9.074645739024523872e-01
-8.576165375465055751e-01
-9.074645739024523872e-01
-9.074645739024523872e-01
-9.074645739024523872e-01
-9.074645739024523872e-01
-9.074645739024523872e-01
-9.074645739024523872e-01
-9.074645739024523872e-01
-9.074645739024523872e-01
-9.074645739024523872e-01
-9.074645739024523872e-01
-9.074645739024523872e-01
-9.074645739024523872e-01
-9.074645739024523872e-01
-9.074645739024523872e-01
-9.074645739024523872e-01
-9.074645739024523872e-01
-9.074645739024523872e-01
-9.074645739024523872e-01
-9.074645739024523872e-01
-9.074645739024523872e-01
-9.074645739024523872e-01
-9.074645739024523872e-01
-9.074645739024523872e-01
-9.074645739024523872e-01
-9.074645739024523872e-01
-9.074645739024523872e-01
-9.074645739024523872e-01
-9.074645739024523872e-01
-9.074645739024523872e-01
-9.074645739024523872e-01
-9.074645739024523872e-01
-9.074645739024523872e-01
-8.576165375465055751e-01
-9.074645739024523872e-01
-9.074645739024523872e-01
-9.074645739024523872e-01
-9.074645739024523872e-01
-9.074645739024523872e-01
-9.074645739024523872e-01
-9.074645739024523872e-01
-9.074645739024523872e-01
-9.074645739024523872e-01
-9.074645739024523872e-01
-9.074645739024523872e-01
-9.074645739024523872e-01
-9.074645739024523872e-01
-9.074645739024523872e-01
-9.074645739024523872e-01
-9.074645739024523872e-01
-9.074645739024523872e-01
-9.074645739024523872e-01
-9.074645739024523872e-01
-9.074645739024523872e-01
-9.074645739024523872e-01
-9.074645739024523872e-01
-9.074645739024523872e-01
-9.074645739024523872e-01
-9.074645739024523872e-01
-9.074645739024523872e-01
-9.074645739024523872e-01
-9.074645739024523872e-01
-9.074645739024523872e-01
-9.074645739024523872e-01
-9.074645739024523872e-01
-8.576165375465055751e-01
-9.074645739024523872e-01
-9.074645739024523872e-01
-9.074645739024523872e-01
-9.074645739024523872e-01
-9.074645739024523872e-01
-9.074645739024523872e-01
-9.074645739024523872e-01
-9.074645739024523872e-01
-9.074645739024523872e-01
-9.074645739024523872e-01
-9.074645739024523872e-01
-9.074645739024523872e-01
-9.074645739024523872e-01
-9.074645739024523872e-01
-9.074645739024523872e-01
-9.074645739024523872e-01
-9.074645739024523872e-01
-9.074645739024523872e-01
-9.074645739024523872e-01
-9.074645739024523872e-01
-9.074645739024523872e-01
-9.074645739024523872e-01
-9.074645739024523872e-01
-9.074645739024523872e-01
-9.074645739024523872e-01
-9.074645739024523872e-01
-8.576165375465055751e-01
-9.074645739024523872e-01
-9.074645739024523872e-01
-9.074645739024523872e-01
-9.074645739024523872e-01
-9.074645739024523872e-01
-9.074645739024523872e-01
-9.074645739024523872e-01
-9.074645739024523872e-01
-9.074645739024523872e-01
-9.074645739024523872e-01
-9.074645739024523872e-01
-8.576165375465055751e-01
-8.576165375465055751e-01
-9.074645739024523872e-01
-9.074645739024523872e-01
-9.074645739024523872e-01
-8.576165375465055751e-01
-9.074645739024523872e-01
-9.074645739024523872e-01
-9.074645739024523872e-01
-9.074645739024523872e-01
-9.074645739024523872e-01
-9.074645739024523872e-01
-9.074645739024523872e-01
-9.074645739024523872e-01
-9.074645739024523872e-01
-9.074645739024523872e-01
-9.074645739024523872e-01
-9.074645739024523872e-01
-9.074645739024523872e-01
-9.074645739024523872e-01
-9.074645739024523872e-01
-9.074645739024523872e-01
-9.074645739024523872e-01
-9.074645739024523872e-01
-9.074645739024523872e-01
-9.074645739024523872e-01
-9.074645739024523872e-01
-9.074645739024523872e-01
-9.074645739024523872e-01
-9.074645739024523872e-01
-9.074645739024523872e-01
-8.576165375465055751e-01
-9.074645739024523872e-01
-9.074645739024523872e-01
-9.074645739024523872e-01
-9.074645739024523872e-01
-9.074645739024523872e-01
-9.074645739024523872e-01
-9.074645739024523872e-01
-9.074645739024523872e-01
-9.074645739024523872e-01
-9.074645739024523872e-01
-9.074645739024523872e-01
-9.074645739024523872e-01
-9.074645739024523872e-01
-9.074645739024523872e-01
-9.074645739024523872e-01
-9.074645739024523872e-01
-9.074645739024523872e-01
-9.074645739024523872e-01
-9.074645739024523872e-01
-9.074645739024523872e-01
-9.074645739024523872e-01
-9.074645739024523872e-01
-9.074645739024523872e-01
-9.074645739024523872e-01
-9.074645739024523872e-01
-9.074645739024523872e-01
-9.074645739024523872e-01
-9.074645739024523872e-01
-9.074645739024523872e-01
-9.074645739024523872e-01
-9.074645739024523872e-01
-9.074645739024523872e-01
-9.074645739024523872e-01
-9.074645739024523872e-01
-9.074645739024523872e-01
-9.074645739024523872e-01
-9.074645739024523872e-01
-9.074645739024523872e-01
-9.074645739024523872e-01
-9.074645739024523872e-01
-9.074645739024523872e-01
-9.074645739024523872e-01
-9.074645739024523872e-01
-9.074645739024523872e-01
-9.074645739024523872e-01
-9.074645739024523872e-01
-9.074645739024523872e-01
-9.074645739024523872e-01
-9.074645739024523872e-01
-9.074645739024523872e-01
-9.074645739024523872e-01
-9.074645739024523872e-01
-9.074645739024523872e-01
-9.074645739024523872e-01
-9.074645739024523872e-01
-9.074645739024523872e-01
-9.074645739024523872e-01
-9.074645739024523872e-01
-9.074645739024523872e-01
-9.074645739024523872e-01
-9.074645739024523872e-01
-9.074645739024523872e-01
-9.074645739024523872e-01
-9.074645739024523872e-01
-9.074645739024523872e-01
-9.074645739024523872e-01
-9.074645739024523872e-01
-9.074645739024523872e-01
-8.576165375465055751e-01
-9.074645739024523872e-01
-9.074645739024523872e-01
-9.074645739024523872e-01
-9.074645739024523872e-01
-9.074645739024523872e-01
-9.074645739024523872e-01
-9.074645739024523872e-01
-9.074645739024523872e-01
-9.074645739024523872e-01
-9.074645739024523872e-01
-9.074645739024523872e-01
-9.074645739024523872e-01
-9.074645739024523872e-01
-9.074645739024523872e-01
-9.074645739024523872e-01
-9.074645739024523872e-01
-9.074645739024523872e-01
-9.074645739024523872e-01
-9.074645739024523872e-01
-9.074645739024523872e-01
-9.074645739024523872e-01
-9.074645739024523872e-01
-9.074645739024523872e-01
-9.074645739024523872e-01
-9.074645739024523872e-01
-9.074645739024523872e-01
-9.074645739024523872e-01
-9.074645739024523872e-01
-9.074645739024523872e-01
-9.074645739024523872e-01
-9.074645739024523872e-01
-9.074645739024523872e-01
-9.074645739024523872e-01
-9.074645739024523872e-01
-9.074645739024523872e-01
-9.074645739024523872e-01
-9.074645739024523872e-01
-9.074645739024523872e-01
-9.074645739024523872e-01
-9.074645739024523872e-01
-9.074645739024523872e-01
-9.074645739024523872e-01
-9.074645739024523872e-01
-9.074645739024523872e-01
-9.074645739024523872e-01
-9.074645739024523872e-01
-9.074645739024523872e-01
-9.074645739024523872e-01
-9.074645739024523872e-01
-9.074645739024523872e-01
-9.074645739024523872e-01
-9.074645739024523872e-01
-9.074645739024523872e-01
-9.074645739024523872e-01
-9.074645739024523872e-01
-9.074645739024523872e-01
-9.074645739024523872e-01
-9.074645739024523872e-01
-9.074645739024523872e-01
-9.074645739024523872e-01
-9.074645739024523872e-01
-9.074645739024523872e-01
-9.074645739024523872e-01
-9.074645739024523872e-01
-9.074645739024523872e-01
-9.074645739024523872e-01
-9.074645739024523872e-01
-9.074645739024523872e-01
-9.074645739024523872e-01
-9.074645739024523872e-01
-9.074645739024523872e-01
-9.074645739024523872e-01
-9.074645739024523872e-01
-9.074645739024523872e-01
-9.074645739024523872e-01
-9.074645739024523872e-01
-9.074645739024523872e-01
-9.074645739024523872e-01
-9.074645739024523872e-01
-9.074645739024523872e-01
-9.074645739024523872e-01
-9.074645739024523872e-01
-9.074645739024523872e-01
-9.074645739024523872e-01
-9.074645739024523872e-01
-9.074645739024523872e-01
-9.074645739024523872e-01
-9.074645739024523872e-01
-9.074645739024523872e-01
-9.074645739024523872e-01
-9.074645739024523872e-01
-9.074645739024523872e-01
-9.074645739024523872e-01
-9.074645739024523872e-01
-9.074645739024523872e-01
-9.074645739024523872e-01
-9.074645739024523872e-01
-9.074645739024523872e-01
-9.074645739024523872e-01
-9.074645739024523872e-01
-9.074645739024523872e-01
-9.074645739024523872e-01
-9.074645739024523872e-01
-9.074645739024523872e-01
-9.074645739024523872e-01
-9.074645739024523872e-01
-9.074645739024523872e-01
-9.074645739024523872e-01
-9.074645739024523872e-01
-9.074645739024523872e-01
-9.074645739024523872e-01
-9.074645739024523872e-01
-9.074645739024523872e-01
-9.074645739024523872e-01
-9.074645739024523872e-01
-9.074645739024523872e-01
-9.074645739024523872e-01
-9.074645739024523872e-01
-9.074645739024523872e-01
-9.074645739024523872e-01
-9.074645739024523872e-01
-9.074645739024523872e-01
-9.074645739024523872e-01
-9.074645739024523872e-01
-9.074645739024523872e-01
-9.074645739024523872e-01
-9.074645739024523872e-01
-9.074645739024523872e-01
-9.074645739024523872e-01
-9.074645739024523872e-01
-9.074645739024523872e-01
-9.074645739024523872e-01
-9.074645739024523872e-01
-9.074645739024523872e-01
-9.074645739024523872e-01
-9.074645739024523872e-01
-9.074645739024523872e-01
-9.074645739024523872e-01
-9.074645739024523872e-01
-9.074645739024523872e-01
-9.074645739024523872e-01
-9.074645739024523872e-01
-9.074645739024523872e-01
