-8.613940524193550718e-01
-6.392174395161288603e-01
-6.243737903225805574e-01
-9.407990927419356275e-01
-6.557900201612902880e-01
-5.023881048387096593e-01
-5.139508064516128405e-01
-7.603209677419354717e-01
-6.078012096774194628e-01
-6.104624999999997970e-01
-6.553917338709677187e-01
-4.977765120967742041e-01
-6.036381048387097215e-01
-4.515166330645161152e-01
-5.301251008064515879e-01
-4.438956653225806237e-01
-5.063298387096774045e-01
-4.824489919354837397e-01
-5.704929435483870881e-01
-4.323329637096773870e-01
-5.121362903225805674e-01
-6.136076612903225147e-01
-3.599292338709677019e-01
-4.210327620967741491e-01
-5.678316532258065319e-01
-3.232406250000000036e-01
-4.286537298387096406e-01
-4.721667338709676920e-01
-4.411487903225806417e-01
-5.297268145161289077e-01
-3.797325604838709956e-01
-4.160730846774192693e-01
-3.357356854838708937e-01
-3.223082661290322948e-01
-4.031295362903226098e-01
-4.393342741935483131e-01
-2.546017137096774352e-01
-4.686232862903225160e-01
-4.524489919354838241e-01
-3.698987903225806617e-01
-3.609471774193548366e-01
-3.250551411290322767e-01
-3.340067540322581019e-01
-2.169807459677419448e-01
-2.828727822580645035e-01
-3.972374999999999656e-01
-3.371519153225806531e-01
-3.330743951612903375e-01
-3.129583669354839004e-01
-4.134117943548387131e-01
-2.617388104838709317e-01
-4.282554435483870714e-01
-2.815421370967742254e-01
-3.074646169354838809e-01
-3.412294354838710242e-01
-3.084825604838710156e-01
-2.932406250000000325e-01
-2.501259072580644949e-01
-2.815421370967742254e-01
-2.231854838709677324e-01
-2.770663306451613406e-01
-2.326711693548386972e-01
-3.644906250000000125e-01
-3.564713709677419518e-01
-2.694453629032258490e-01
-2.044001008064515734e-01
-2.518548387096774532e-01
-2.352822580645160810e-01
-2.092741935483870552e-01
-2.213709677419354038e-01
-2.711742943548386964e-01
-1.999242943548387441e-01
-2.514565524193548285e-01
-1.958467741935483175e-01
-2.912903225806451335e-01
-3.052016129032257830e-01
-2.255340725806452007e-01
-2.415725806451612667e-01
-3.025905241935484269e-01
-2.079435483870967216e-01
-1.806048387096774455e-01
-2.393597782258064521e-01
-2.047983870967741704e-01
-1.474596774193548121e-01
-2.366129032258064702e-01
-1.640322580645161010e-01
-1.882258064516128815e-01
-2.676308467741935759e-01
-1.757307459677419081e-01
-1.429838709677419273e-01
-1.981097782258064433e-01
-1.958467741935484008e-01
-1.685080645161289858e-01
-2.061290322580644763e-01
-1.698387096774193195e-01
-2.066129032258064158e-01
-1.653629032258064346e-01
-1.613709677419354893e-01
-1.958467741935484008e-01
-2.272630040322580203e-01
-1.976612903225806461e-01
-1.595564516129031607e-01
-1.138306451612902948e-01
-1.366935483870967416e-01
-2.110887096774193283e-01
-1.398387096774193206e-01
-1.850806451612903303e-01
-2.021370967741935032e-01
-1.636339717741935318e-01
-1.322177419354838290e-01
-1.322177419354838568e-01
-1.380241935483870752e-01
-1.214516129032257863e-01
-1.774596774193548665e-01
-1.882258064516128815e-01
-1.308870967741935232e-01
-1.564112903225805817e-01
-1.201209677419354527e-01
-1.577419354838709986e-01
-1.348790322580645240e-01
-1.640322580645161288e-01
-1.124999999999999750e-01
-1.474596774193548399e-01
-1.093548387096773961e-01
-1.627016129032257952e-01
-1.564112903225806650e-01
-1.335483870967741904e-01
-1.627016129032258229e-01
-1.245967741935483653e-01
-1.124999999999999889e-01
-1.429838709677419273e-01
-1.429838709677419273e-01
-1.322177419354838568e-01
-1.290725806451612501e-01
-1.443145161290322331e-01
-1.703225806451612589e-01
-1.429838709677419273e-01
-8.516129032258064335e-02
-1.111693548387096414e-01
-1.385080645161290147e-01
-1.245967741935483653e-01
-1.277419354838709442e-01
-1.779435483870967782e-01
-1.245967741935483514e-01
-1.945161290322580672e-01
-1.304032258064516114e-01
-1.169758064516128876e-01
-1.124999999999999889e-01
-1.156451612903225679e-01
-8.201612903225805051e-02
-1.308870967741934954e-01
-1.550806451612903036e-01
-1.519354838709676969e-01
-1.232661290322580316e-01
-8.068548387096774466e-02
-1.353629032258064357e-01
-9.411290322580644074e-02
-1.106854838709677297e-01
-1.048790322580644974e-01
-1.156451612903225540e-01
-8.516129032258062947e-02
-1.156451612903225401e-01
-1.124999999999999750e-01
-1.004032258064515987e-01
-1.124999999999999750e-01
-1.062096774193548310e-01
-1.048790322580644974e-01
-8.649193548387094921e-02
-1.187903225806451191e-01
-8.201612903225805051e-02
-5.467741935483871191e-02
-8.649193548387097696e-02
-5.782258064516129087e-02
-1.564112903225806095e-01
-6.991935483870967416e-02
-1.156451612903225540e-01
-5.915322580645161754e-02
-5.782258064516129087e-02
-6.229838709677419650e-02
-9.278225806451610713e-02
-1.035483870967741638e-01
-7.754032258064515182e-02
-1.004032258064515848e-01
-9.278225806451612101e-02
-1.035483870967741776e-01
-6.991935483870967416e-02
-5.467741935483871191e-02
-9.411290322580644074e-02
-7.754032258064515182e-02
-3.048387096774193492e-02
-3.810483870967741604e-02
-1.487903225806451735e-01
-5.020161290322580627e-02
-8.830645161290320844e-02
-1.080241935483870763e-01
-6.229838709677419650e-02
-1.093548387096773961e-01
-9.725806451612900583e-02
-7.620967741935483208e-02
-3.810483870967741604e-02
-4.572580645161290064e-02
-6.096774193548386983e-02
-1.201209677419354527e-01
-7.754032258064515182e-02
-4.572580645161290064e-02
-8.201612903225805051e-02
-4.572580645161290064e-02
-6.229838709677419650e-02
-5.334677419354838523e-02
-5.334677419354838523e-02
-5.334677419354838523e-02
-7.754032258064515182e-02
-5.782258064516129087e-02
-3.810483870967741604e-02
-8.383064516129030974e-02
-6.544354838709677546e-02
-3.810483870967741604e-02
-7.620967741935483208e-02
-8.383064516129030974e-02
-6.991935483870967416e-02
-6.229838709677419650e-02
-3.810483870967741604e-02
-7.439516129032258673e-02
-7.754032258064515182e-02
-8.830645161290320844e-02
-9.592741935483869997e-02
-6.858870967741935443e-02
-6.991935483870967416e-02
-4.391129032258064835e-02
-5.334677419354838523e-02
-3.495967741935483708e-02
-2.286290322580645032e-02
-5.467741935483871191e-02
-6.544354838709677546e-02
-8.068548387096773078e-02
-7.620967741935483729e-03
-5.782258064516129087e-02
-5.020161290322580627e-02
-6.096774193548386983e-02
-3.181451612903225812e-02
-5.334677419354838523e-02
-5.467741935483871191e-02
-3.810483870967741604e-02
-1.524193548387096746e-02
-3.810483870967741604e-02
-3.495967741935483708e-02
-4.572580645161290064e-02
-7.306451612903225312e-02
-3.810483870967741604e-02
-4.572580645161290064e-02
-4.258064516129032168e-02
-4.258064516129032168e-02
-2.733870967741935595e-02
-7.754032258064515182e-02
-5.020161290322580627e-02
-3.048387096774193492e-02
-7.306451612903225312e-02
-3.810483870967741604e-02
-3.810483870967741604e-02
-1.971774193548387136e-02
-2.286290322580645032e-02
-7.620967741935483729e-03
-5.334677419354838523e-02
-2.286290322580645032e-02
-3.810483870967741604e-02
-2.286290322580645032e-02
-5.782258064516129087e-02
-5.334677419354838523e-02
-3.048387096774193492e-02
-5.334677419354838523e-02
-4.258064516129032168e-02
-4.258064516129032168e-02
-3.810483870967741604e-02
-7.620967741935483729e-03
-3.495967741935483708e-02
-3.048387096774193492e-02
-5.467741935483871191e-02
-5.020161290322580627e-02
-2.733870967741935595e-02
-2.286290322580645032e-02
0.000000000000000000e+00
-2.733870967741935595e-02
-6.096774193548386983e-02
-3.943548387096774271e-02
-2.286290322580645032e-02
-3.495967741935483708e-02
-2.286290322580645032e-02
-2.286290322580645032e-02
-4.572580645161290064e-02
-5.020161290322580627e-02
-4.572580645161290064e-02
-1.971774193548387136e-02
-1.524193548387096746e-02
-7.620967741935483729e-03
-7.620967741935483729e-03
-4.258064516129032168e-02
-7.620967741935483729e-03
-3.495967741935483708e-02
-3.048387096774193492e-02
-7.620967741935483729e-03
-1.524193548387096746e-02
-7.620967741935483729e-03
0.000000000000000000e+00
-7.620967741935483729e-03
0.000000000000000000e+00
-4.572580645161290064e-02
-7.620967741935483729e-03
-1.524193548387096746e-02
-1.524193548387096746e-02
-1.524193548387096746e-02
-1.524193548387096746e-02
-7.620967741935483729e-03
-7.620967741935483729e-03
-2.286290322580645032e-02
0.000000000000000000e+00
-3.048387096774193492e-02
-2.286290322580645032e-02
-3.048387096774193492e-02
-3.048387096774193492e-02
-1.524193548387096746e-02
-2.286290322580645032e-02
-1.524193548387096746e-02
0.000000000000000000e+00
-1.524193548387096746e-02
-2.286290322580645032e-02
-7.620967741935483729e-03
-1.524193548387096746e-02
-4.572580645161290064e-02
-3.048387096774193492e-02
-3.810483870967741604e-02
-2.286290322580645032e-02
-2.286290322580645032e-02
-7.620967741935483729e-03
-3.810483870967741604e-02
-7.620967741935483729e-03
-7.620967741935483729e-03
0.000000000000000000e+00
-1.524193548387096746e-02
-7.620967741935483729e-03
-7.620967741935483729e-03
-7.620967741935483729e-03
-7.620967741935483729e-03
0.000000000000000000e+00
-4.572580645161290064e-02
-7.620967741935483729e-03
-7.620967741935483729e-03
-7.620967741935483729e-03
0.000000000000000000e+00
-2.286290322580645032e-02
-7.620967741935483729e-03
-1.524193548387096746e-02
-2.286290322580645032e-02
-3.048387096774193492e-02
0.000000000000000000e+00
-2.286290322580645032e-02
0.000000000000000000e+00
-7.620967741935483729e-03
-7.620967741935483729e-03
-1.209677419354838850e-02
-7.620967741935483729e-03
-7.620967741935483729e-03
0.000000000000000000e+00
-7.620967741935483729e-03
-2.286290322580645032e-02
0.000000000000000000e+00
-7.620967741935483729e-03
-7.620967741935483729e-03
0.000000000000000000e+00
-1.524193548387096746e-02
-1.524193548387096746e-02
0.000000000000000000e+00
-7.620967741935483729e-03
-7.620967741935483729e-03
0.000000000000000000e+00
-2.286290322580645032e-02
-1.524193548387096746e-02
0.000000000000000000e+00
-2.286290322580645032e-02
-7.620967741935483729e-03
-7.620967741935483729e-03
0.000000000000000000e+00
-7.620967741935483729e-03
-7.620967741935483729e-03
0.000000000000000000e+00
0.000000000000000000e+00
-7.620967741935483729e-03
0.000000000000000000e+00
-1.524193548387096746e-02
-1.524193548387096746e-02
0.000000000000000000e+00
-7.620967741935483729e-03
-7.620967741935483729e-03
0.000000000000000000e+00
-1.524193548387096746e-02
0.000000000000000000e+00
-7.620967741935483729e-03
0.000000000000000000e+00
-1.524193548387096746e-02
-7.620967741935483729e-03
-7.620967741935483729e-03
0.000000000000000000e+00
0.000000000000000000e+00
0.000000000000000000e+00
0.000000000000000000e+00
0.000000000000000000e+00
0.000000000000000000e+00
-7.620967741935483729e-03
-7.620967741935483729e-03
0.000000000000000000e+00
-1.524193548387096746e-02
-7.620967741935483729e-03
0.000000000000000000e+00
-1.209677419354838850e-02
0.000000000000000000e+00
0.000000000000000000e+00
0.000000000000000000e+00
0.000000000000000000e+00
-1.524193548387096746e-02
-7.620967741935483729e-03
-1.524193548387096746e-02
0.000000000000000000e+00
0.000000000000000000e+00
-7.620967741935483729e-03
0.000000000000000000e+00
-7.620967741935483729e-03
0.000000000000000000e+00
-7.620967741935483729e-03
0.000000000000000000e+00
0.000000000000000000e+00
-7.620967741935483729e-03
-7.620967741935483729e-03
0.000000000000000000e+00
0.000000000000000000e+00
0.000000000000000000e+00
-7.620967741935483729e-03
0.000000000000000000e+00
-7.620967741935483729e-03
0.000000000000000000e+00
0.000000000000000000e+00
-1.524193548387096746e-02
0.000000000000000000e+00
-7.620967741935483729e-03
-1.524193548387096746e-02
0.000000000000000000e+00
0.000000000000000000e+00
-1.524193548387096746e-02
0.000000000000000000e+00
0.000000000000000000e+00
0.000000000000000000e+00
0.000000000000000000e+00
-7.620967741935483729e-03
-7.620967741935483729e-03
0.000000000000000000e+00
0.000000000000000000e+00
0.000000000000000000e+00
0.000000000000000000e+00
0.000000000000000000e+00
0.000000000000000000e+00
0.000000000000000000e+00
-1.524193548387096746e-02
-7.620967741935483729e-03
-7.620967741935483729e-03
0.000000000000000000e+00
0.000000000000000000e+00
0.000000000000000000e+00
-7.620967741935483729e-03
0.000000000000000000e+00
0.000000000000000000e+00
0.000000000000000000e+00
-7.620967741935483729e-03
0.000000000000000000e+00
0.000000000000000000e+00
0.000000000000000000e+00
0.000000000000000000e+00
-7.620967741935483729e-03
0.000000000000000000e+00
0.000000000000000000e+00
-7.620967741935483729e-03
0.000000000000000000e+00
-7.620967741935483729e-03
0.000000000000000000e+00
0.000000000000000000e+00
0.000000000000000000e+00
0.000000000000000000e+00
0.000000000000000000e+00
-1.524193548387096746e-02
0.000000000000000000e+00
0.000000000000000000e+00
0.000000000000000000e+00
0.000000000000000000e+00
0.000000000000000000e+00
0.000000000000000000e+00
0.000000000000000000e+00
0.000000000000000000e+00
-7.620967741935483729e-03
-7.620967741935483729e-03
0.000000000000000000e+00
0.000000000000000000e+00
0.000000000000000000e+00
0.000000000000000000e+00
-7.620967741935483729e-03
0.000000000000000000e+00
0.000000000000000000e+00
0.000000000000000000e+00
0.000000000000000000e+00
0.000000000000000000e+00
0.000000000000000000e+00
0.000000000000000000e+00
0.000000000000000000e+00
0.000000000000000000e+00
0.000000000000000000e+00
0.000000000000000000e+00
0.000000000000000000e+00
0.000000000000000000e+00
0.000000000000000000e+00
0.000000000000000000e+00
0.000000000000000000e+00
0.000000000000000000e+00
0.000000000000000000e+00
0.000000000000000000e+00
0.000000000000000000e+00
0.000000000000000000e+00
0.000000000000000000e+00
0.000000000000000000e+00
0.000000000000000000e+00
0.000000000000000000e+00
0.000000000000000000e+00
0.000000000000000000e+00
-7.620967741935483729e-03
0.000000000000000000e+00
0.000000000000000000e+00
0.000000000000000000e+00
0.000000000000000000e+00
0.000000000000000000e+00
0.000000000000000000e+00
0.000000000000000000e+00
0.000000000000000000e+00
0.000000000000000000e+00
0.000000000000000000e+00
0.000000000000000000e+00
-7.620967741935483729e-03
0.000000000000000000e+00
0.000000000000000000e+00
0.000000000000000000e+00
0.000000000000000000e+00
0.000000000000000000e+00
0.000000000000000000e+00
0.000000000000000000e+00
0.000000000000000000e+00
0.000000000000000000e+00
0.000000000000000000e+00
0.000000000000000000e+00
0.000000000000000000e+00
0.000000000000000000e+00
0.000000000000000000e+00
0.000000000000000000e+00
0.000000000000000000e+00
0.000000000000000000e+00
0.000000000000000000e+00
0.000000000000000000e+00
0.000000000000000000e+00
0.000000000000000000e+00
0.000000000000000000e+00
0.000000000000000000e+00
0.000000000000000000e+00
0.000000000000000000e+00
0.000000000000000000e+00
0.000000000000000000e+00
0.000000000000000000e+00
0.000000000000000000e+00
0.000000000000000000e+00
0.000000000000000000e+00
0.000000000000000000e+00
0.000000000000000000e+00
0.000000000000000000e+00
0.000000000000000000e+00
0.000000000000000000e+00
0.000000000000000000e+00
0.000000000000000000e+00
0.000000000000000000e+00
0.000000000000000000e+00
0.000000000000000000e+00
0.000000000000000000e+00
0.000000000000000000e+00
0.000000000000000000e+00
0.000000000000000000e+00
0.000000000000000000e+00
0.000000000000000000e+00
0.000000000000000000e+00
0.000000000000000000e+00
0.000000000000000000e+00
0.000000000000000000e+00
0.000000000000000000e+00
0.000000000000000000e+00
0.000000000000000000e+00
0.000000000000000000e+00
0.000000000000000000e+00
0.000000000000000000e+00
0.000000000000000000e+00
0.000000000000000000e+00
