-2.503632168372818878e+00
-1.607841725714363124e+00
-2.274517474033145970e+00
-2.399879657608658512e+00
-2.032407162174567627e+00
-2.548973978273910923e+00
-2.375731159554155703e+00
-2.216599746796056980e+00
-1.964967968558834599e+00
-2.079547799566971999e+00
-2.133418001007395315e+00
-1.664275566940253359e+00
-2.552406544072620687e+00
-8.647485536150908425e-01
-2.546114155133472945e+00
-1.752935522451181338e+00
-2.150293217220744957e+00
-2.210975459514837649e+00
-6.458721523188120095e-01
-1.558622244429644477e+00
-6.136302615106624669e-01
-2.016060107045676286e+00
-7.915022427002960104e-01
-1.617096296179364900e+00
-1.767010329815910108e+00
-2.574900812614644874e+00
-2.365790693557054514e+00
-1.235698596922473858e+00
-1.310762085391574905e+00
-1.783192599779647392e+00
-2.490531983901179913e+00
-1.073477405582835775e+00
-1.011085890708728563e+00
-1.607463853785744190e+00
-9.382368749878896574e-01
-1.672987120659255478e+00
-9.666540636611361537e-01
-1.778016073200271441e+00
-2.034357446368674438e+00
-1.862910688600927456e+00
-6.172783689204389690e-01
-2.168771297334111559e+00
-1.986250170485119648e+00
-9.579145600494469726e-01
-1.932765358510241338e+00
-8.512631719408092490e-01
-9.002845308189109108e-01
-2.683752741699411359e+00
-1.604829516620263297e+00
-1.602478168934598157e+00
-1.610264183042120045e+00
-1.602638427990444425e+00
-1.610471914462356713e+00
-1.614405604932415805e+00
-1.602919346417747137e+00
-1.633693303206448011e+00
-1.610565775854543968e+00
-1.610525346059873630e+00
-1.610053280864109482e+00
-1.610083407667460387e+00
-1.605260572374011208e+00
-1.605049433242689449e+00
-1.602760279473122162e+00
-1.602449121202875526e+00
-1.609967043454106239e+00
-1.610057334666436857e+00
-1.602545641717660008e+00
-1.602504012436668068e+00
-1.602359749937171340e+00
-1.609980414231547252e+00
-1.614612234547192715e+00
-1.602567852493734568e+00
-1.602494232871895630e+00
-1.610292014757459977e+00
-1.603751088428307270e+00
-1.606406565292523902e+00
-1.603123853460061365e+00
-1.614408032106264379e+00
-1.605456495078101398e+00
-1.603011521913481063e+00
-1.602732616941717758e+00
-1.610110173802820066e+00
-1.602485379251307629e+00
-1.602813639430091808e+00
-1.610113487117877717e+00
-1.603327716799622049e+00
-1.614455176850396301e+00
-1.610208006447406026e+00
-1.603180334280926322e+00
-1.602982568880867209e+00
-1.610160346569849299e+00
-1.604821588512654218e+00
-1.614560940117284238e+00
-1.603951983646697332e+00
-1.602358837799688462e+00
-1.610119868129994192e+00
-1.602692537997808975e+00
-1.610302780409990531e+00
-1.602808106888833350e+00
-1.604532333411769818e+00
-1.603361617936947203e+00
-1.610031781639396753e+00
-1.610271285476363445e+00
-1.610213183288957017e+00
-1.604747247089200357e+00
-1.604274974919050134e+00
-1.603284075182082269e+00
-1.603965769103745220e+00
-1.602701888171925271e+00
-1.610392991523945438e+00
-1.602561485423782628e+00
-1.603135583053865609e+00
-1.602810916780105455e+00
-1.610056074874281151e+00
-1.602575706661805599e+00
-1.602605901778096920e+00
-1.602377704579339701e+00
-1.602427736986299589e+00
-1.603300843669985376e+00
-1.602593879087428341e+00
-1.602738598402325687e+00
-1.605833401268609295e+00
-1.603778647536292068e+00
-1.602442341902559741e+00
-1.602629608269751316e+00
-1.602855891486620221e+00
-1.604653140080528395e+00
-1.614520150697445144e+00
-1.602372452567719430e+00
-1.605382181148445220e+00
-1.614419030014620393e+00
-1.604557567202778090e+00
-1.609971562163126313e+00
-1.610050889184240219e+00
-1.614613159911286067e+00
-1.614403942342859777e+00
-1.602770547537007317e+00
-1.609981647687942719e+00
-1.605105399554787260e+00
-1.603528141910409710e+00
-1.610045984369535610e+00
-1.602480523920132294e+00
-1.609992782835497405e+00
-1.602707162349352510e+00
-1.602528354970777391e+00
-1.602366806706902569e+00
-1.602363533292094688e+00
-1.604541048864846609e+00
-1.614480871174526433e+00
-1.603143043556019220e+00
-1.604969589408473452e+00
-1.603082901411630568e+00
-1.605130628150568617e+00
-1.614647062545796707e+00
-1.602997368343217932e+00
-1.602375076878668203e+00
-1.602399875891532988e+00
-1.602696980197897414e+00
-1.606087032076987775e+00
-1.610067019557029910e+00
-1.604266864279412008e+00
-1.602409794946926036e+00
-1.603650755837098485e+00
-1.603754647648266252e+00
-1.602492239160623111e+00
-1.606166464127942062e+00
-1.604178161339813613e+00
-1.604430117535006417e+00
-1.610217145013886020e+00
-1.614465501103504952e+00
-1.603282756177667467e+00
-1.602375378313836807e+00
-1.602368769737041454e+00
-1.604520024806118439e+00
-1.603450346326350084e+00
-1.605406124134857393e+00
-1.609989669099535226e+00
-1.602550493123063857e+00
-1.602726455176381126e+00
-1.602425774414709236e+00
-1.614465057840982931e+00
-1.602858660422906922e+00
-1.604596127773567860e+00
-1.610019646381248171e+00
-1.602916113110009810e+00
-1.602826207574518547e+00
-1.602457062314909253e+00
-1.602439283911512913e+00
-1.614405624030537556e+00
-1.602582996800938409e+00
-1.603479422653567799e+00
-1.602705019450053392e+00
-1.605602798461519765e+00
-1.602579308025344762e+00
-1.605395937744199086e+00
-1.603177877469172952e+00
-1.602393547235002380e+00
-1.602633733943505057e+00
-1.603235929817030447e+00
-1.602533851685693955e+00
-1.604091090812291842e+00
-1.606325822220121990e+00
-1.602937088160099055e+00
-1.602384190746223069e+00
-1.602381029913763966e+00
-1.603806554375657889e+00
-1.602873063893004657e+00
-1.602632236266816612e+00
-1.605455945391192074e+00
-1.602372721663072097e+00
-1.602615114297961441e+00
-1.603387307360262692e+00
-1.609982837919082144e+00
-1.605002141770764279e+00
-1.604107852614232943e+00
-1.604353004283801454e+00
-1.604999453908407148e+00
-1.602949276875028639e+00
-1.602533911034635494e+00
-1.602871834084281577e+00
-1.614460610831855769e+00
-1.605615202470079828e+00
-1.602465808117436996e+00
-1.602536870930191704e+00
-1.603377953384687915e+00
-1.603510134175388124e+00
-1.602648755700088801e+00
-1.603672779480331823e+00
-1.602442759431397690e+00
-1.602406917044627788e+00
-1.602362040221771533e+00
-1.609948218501082717e+00
-1.609970897938099554e+00
-1.603448749082049485e+00
-1.602694468888688162e+00
-1.604458089505011120e+00
-1.602745639684024503e+00
-1.603700451555612361e+00
-1.605415976962650593e+00
-1.602674223771470619e+00
-1.610229309360555972e+00
-1.603483884850958274e+00
-1.602477399583658313e+00
-1.604514375842377216e+00
-1.604949210332657250e+00
-1.602503481203417124e+00
-1.602415949821463403e+00
-1.604474120821669292e+00
-1.602771958649515938e+00
-1.602527136308114830e+00
-1.603019194632383293e+00
-1.604890071974514942e+00
-1.610098514969688477e+00
-1.605422763592117441e+00
-1.602592793252572090e+00
-1.603637363383122461e+00
-1.602682100793706432e+00
-1.602393375483149418e+00
-1.605871259235726711e+00
-1.604460133624759921e+00
-1.602505420155129201e+00
-1.602420807510632095e+00
-1.610447172528643778e+00
-1.602391090460360212e+00
-1.602626618970961925e+00
-1.602566990320774432e+00
-1.602714562479322202e+00
-1.609975167889117875e+00
-1.603082846407580364e+00
-1.603518389849578174e+00
-1.603741325009979457e+00
-1.605467141299973477e+00
-1.603428296030764866e+00
-1.604273106815260919e+00
-1.603085068855516937e+00
-1.602518827999481976e+00
-1.602486636139925924e+00
-1.602478924981418196e+00
-1.604514628262633469e+00
-1.602939105580750478e+00
-1.602721176087596788e+00
-1.605942933275868567e+00
-1.610100172305003463e+00
-1.602555510849072329e+00
-1.605229540210092454e+00
-1.602391670513957811e+00
-1.602939164050059206e+00
-1.602784687846091405e+00
-1.602868511212120595e+00
-1.602394267155292429e+00
-1.604703581643034616e+00
-1.610095776068035223e+00
-1.603164975837214179e+00
-1.602724557433930164e+00
-1.606384407408503856e+00
-1.602614780665633454e+00
-1.603801553075313802e+00
-1.602481031166035574e+00
-1.602737199557227710e+00
-1.602910545776615514e+00
-1.602760760302719190e+00
-1.602852914151702501e+00
-1.602397423046274083e+00
-1.603763272486477875e+00
-1.602360091327742042e+00
-1.610114660219278626e+00
-1.605213837925456799e+00
-1.606142332976936205e+00
-1.602387477695175644e+00
-1.603361117874451791e+00
-1.603456785501539583e+00
-1.603643826543653894e+00
-1.603168612118671010e+00
-1.602733644080730713e+00
-1.602726013197680377e+00
-1.602615586334194653e+00
-1.602490150664212853e+00
-1.604409551875825235e+00
-1.602396037207215462e+00
-1.602382030237314625e+00
-1.605871557147690698e+00
-1.603342960859091226e+00
-1.603979732637159650e+00
-1.602966445311767574e+00
-1.602402005667565632e+00
-1.602844467164749043e+00
-1.603051100095469028e+00
-1.602413804988290336e+00
-1.602977470317924036e+00
-1.602808907374629221e+00
-1.603104235214610540e+00
-1.604931558904708844e+00
-1.609976625304697651e+00
-1.602847231719602306e+00
-1.602359007748250130e+00
-1.602824376556755137e+00
-1.602376405894063938e+00
-1.610518882054636114e+00
-1.603297699707322277e+00
-1.602942284709770071e+00
-1.602368944531660011e+00
-1.602616472193680641e+00
-1.603450837255950168e+00
-1.602686545332828949e+00
-1.603570901551146344e+00
-1.602455999258208807e+00
-1.602657582655994561e+00
-1.602737737721157796e+00
-1.602530679967629101e+00
-1.610499155919450587e+00
-1.604976626497631287e+00
-1.604383227109887899e+00
-1.603547062261183820e+00
-1.602631183867950337e+00
-1.603191255377618640e+00
-1.602917334442172104e+00
-1.602392115791679394e+00
-1.602440147412836025e+00
-1.602515182779221670e+00
-1.604767712509246103e+00
-1.606432655710654300e+00
-1.602601577979756442e+00
-1.604576154956427025e+00
-1.602516741280335610e+00
-1.603402173660332997e+00
-1.602526812450469240e+00
-1.602421961561324659e+00
-1.602902990160028684e+00
-1.603601241702032665e+00
-1.602560083333486318e+00
-1.604220071723418739e+00
-1.605172788854357435e+00
-1.605823490953270039e+00
-1.602930521213562720e+00
-1.602369331856570156e+00
-1.602366971091203629e+00
-1.603813960407793004e+00
-1.602833425659498934e+00
-1.603410618124073483e+00
-1.603473018716894849e+00
-1.602614200378440490e+00
-1.602580765209355773e+00
-1.603671765227564716e+00
-1.603179788524033311e+00
-1.602828697129623059e+00
-1.603335815175505275e+00
-1.603183907416391385e+00
-1.602851085363291572e+00
-1.602782419708656203e+00
-1.602534222348815263e+00
-1.605984548830563741e+00
-1.605873940396532529e+00
-1.602915159046882199e+00
-1.602509766760594534e+00
-1.602505545226522443e+00
-1.602871965536968535e+00
-1.604707294268313156e+00
-1.602359600891010372e+00
-1.602986627108901718e+00
-1.602599483681631520e+00
-1.605807658940239024e+00
-1.602495650285188367e+00
-1.602371883640354655e+00
-1.602511734150515066e+00
-1.602461990223733368e+00
-1.609943052327047708e+00
-1.602670393815246674e+00
-1.604771891446928667e+00
-1.604236432688404879e+00
-1.604140444605065330e+00
-1.605407270951598964e+00
-1.602673754736701817e+00
-1.602720450239419447e+00
-1.602858012400847798e+00
-1.602781821368822968e+00
-1.602484587479234168e+00
-1.602365140184742964e+00
-1.602550242065657882e+00
-1.602412731394617262e+00
-1.602818314507256758e+00
-1.603574764385718998e+00
-1.606252801735208013e+00
-1.603691636957862432e+00
-1.603560387003938992e+00
-1.604945393277930732e+00
-1.603044472489549621e+00
-1.602782329537254968e+00
-1.604606230197910044e+00
-1.604422508608700726e+00
-1.606371211646568264e+00
-1.602596330873412800e+00
-1.603613239642760480e+00
-1.602596322750191815e+00
-1.603770684195725993e+00
-1.605420598867792759e+00
-1.602720939694257662e+00
-1.602478124027986395e+00
-1.606206785654598956e+00
-1.602573514416595790e+00
-1.603787297404605905e+00
-1.603098108529215526e+00
-1.602385231580065739e+00
-1.602414907113788090e+00
-1.603059669536027521e+00
-1.605103729872926932e+00
-1.602664062258267963e+00
-1.603067255853021678e+00
-1.603327872661596931e+00
-1.602581219820007785e+00
-1.603371621299999772e+00
-1.603280058549422682e+00
-1.604527821046169311e+00
-1.603087718938543516e+00
-1.602506515985915314e+00
-1.602429211528976216e+00
-1.605178350003448440e+00
-1.602733208796079500e+00
-1.605114747066694880e+00
-1.602491392546573801e+00
-1.603237860592057862e+00
-1.602440444841195299e+00
-1.602676255719315712e+00
-1.602452637854042461e+00
-1.603901992120536413e+00
-1.603120301174969509e+00
-1.602470327233615377e+00
-1.602847608176664496e+00
-1.605698363451559807e+00
-1.602537113344780328e+00
-1.602436365424973586e+00
-1.602505031678968628e+00
-1.603118270126780542e+00
-1.602566588438882222e+00
-1.602466553217445577e+00
-1.604618155357759646e+00
-1.603205453432106964e+00
-1.606442204587402944e+00
-1.604990271826392201e+00
-1.603345736134449195e+00
-1.603531457920636116e+00
-1.603326545740863196e+00
-1.602416716446627865e+00
-1.603420913205390264e+00
-1.602874268686775183e+00
-1.604775971918784405e+00
-1.602559580051681198e+00
-1.603088960926439821e+00
-1.602478743231365410e+00
-1.603498698184856242e+00
-1.602978914352434225e+00
-1.606407162627154994e+00
-1.602468828418326607e+00
-1.604984945249689599e+00
-1.602404063782002286e+00
-1.603835794257351122e+00
-1.602551118387452567e+00
-1.604717524045339294e+00
-1.604403479702097179e+00
-1.602495733471833717e+00
-1.604478022947596338e+00
-1.602380527957213197e+00
-1.603322398102448476e+00
-1.602553161413746041e+00
-1.602484754732879102e+00
-1.602676417052421476e+00
-1.602550223433664378e+00
-1.602384861684789996e+00
-1.602360324970781624e+00
-1.602658161564373351e+00
-1.603844034939702068e+00
-1.605512852453534922e+00
-1.602825227981541589e+00
-1.602828093405454402e+00
-1.602398327991615856e+00
-1.604035824025521251e+00
-1.602462875552593591e+00
-1.602920722211295335e+00
-1.603218699403850422e+00
-1.603658981434746833e+00
-1.603344961510618338e+00
-1.604590773525866432e+00
-1.603680060717954214e+00
-1.604668107820095946e+00
-1.603960101587082132e+00
-1.605358967735957432e+00
-1.603857520685945559e+00
-1.602395329785581302e+00
-1.602592565791798318e+00
-1.604055457477338686e+00
-1.602398129968796825e+00
-1.602383793322181393e+00
-1.602588355089362926e+00
-1.603954850928208220e+00
-1.602841528298042606e+00
-1.602401421324948005e+00
-1.603639361979480871e+00
-1.602876398875286323e+00
-1.603731549788703026e+00
-1.603264390029901731e+00
-1.604554778615656208e+00
-1.602820867617057887e+00
-1.603271160189282840e+00
-1.602556072571219126e+00
-1.602514743609790182e+00
-1.605422126985757147e+00
-1.602466915997468266e+00
-1.602618181061816971e+00
-1.603623262599315424e+00
-1.602977180156493153e+00
-1.606106483975895172e+00
-1.605535250867376362e+00
-1.603907602409215372e+00
-1.603184597895451979e+00
-1.604955358135228716e+00
-1.603075113334669233e+00
-1.603913340598334347e+00
-1.602938481066907173e+00
-1.602378395350390505e+00
-1.602455933925688969e+00
-1.602983203446736171e+00
-1.603765021620240372e+00
-1.603098876696184893e+00
-1.602428805784064103e+00
-1.604560767537725141e+00
-1.606113415597692384e+00
-1.604229355926267475e+00
-1.605541046451753218e+00
-1.603013070520898919e+00
-1.602377157294354371e+00
-1.603731936042562811e+00
-1.605560169365787937e+00
-1.602484214605378821e+00
-1.604741254211195178e+00
-1.602459979654515143e+00
-1.605973902352784810e+00
-1.602621302422170935e+00
-1.605117109393354280e+00
-1.602588646915152015e+00
-1.604634364796343027e+00
-1.602640773599629975e+00
-1.604430684469657642e+00
-1.602791913270954050e+00
-1.605793829597477407e+00
-1.602903460774393496e+00
-1.602597420519418225e+00
-1.602371266897605562e+00
-1.604753478240579678e+00
-1.604684448119298779e+00
-1.603919153361113015e+00
-1.604653798885463223e+00
-1.605736405047244242e+00
-1.603811382217918746e+00
-1.602943721055939186e+00
-1.602785219145083540e+00
-1.603118045340300668e+00
-1.602593257681181882e+00
-1.602440570834871236e+00
-1.602362906573694179e+00
-1.603056826654595479e+00
-1.602424339255353214e+00
