-1.756274530460178340e+00
-2.352687269119547508e+00
-2.109332998419306993e+00
-1.529054904843409224e+00
-1.592440295399309758e+00
-1.971836886489615193e+00
-1.942828737820420537e+00
-1.885367936017725343e+00
-1.693859196650038923e+00
-1.725800982008530937e+00
-1.987615641209673489e+00
-1.955286980965397881e+00
-2.068227807847655253e+00
-1.621875663816881197e+00
-1.764503408346193902e+00
-1.780317583364583234e+00
-2.198591264658519062e+00
-1.855131636573046583e+00
-1.968476242934519949e+00
-1.683252136444808755e+00
-1.942548719805792468e+00
-1.299360471443429255e+00
-1.547023859723057670e+00
-1.683193782238888048e+00
-1.467653437561915686e+00
-1.560454249968582507e+00
-1.580494196177643085e+00
-1.597000049801103883e+00
-1.586348914764960094e+00
-1.641776279996313370e+00
-1.429867824207102789e+00
-1.519225169656768459e+00
-1.574570670484279233e+00
-1.612076841554061835e+00
-1.713139866576733450e+00
-1.030783690313854972e+00
-9.807882230986663119e-01
-1.092383031706894991e+00
-1.216147165704295485e+00
-1.049623970439804710e+00
-9.684154495409106334e-01
-9.775540652449057344e-01
-9.650505467828122130e-01
-1.107236767476312833e+00
-9.734917771508128093e-01
-1.070810900933079957e+00
-9.607593882197236201e-01
-9.483472501358666262e-01
-9.329895363928364382e-01
-1.189549588148304249e+00
-1.312809842972131769e+00
-1.074458903815081134e+00
-1.292646134854141149e+00
-1.142266570908842205e+00
-9.508275905585792387e-01
-9.496349395169911833e-01
-1.022645452881973060e+00
-1.225646673093694128e+00
-1.269537870841731753e+00
-1.375109627628501752e+00
-1.327209445533523491e+00
-1.246763820352238872e+00
-1.261426113101522528e+00
-1.254558028046621532e+00
-1.309062187375736208e+00
-1.363191943651934190e+00
-1.843771637862973822e+00
-9.918896878685933283e-01
-1.444980256173422184e+00
-1.011614570574251415e+00
-1.191872953608769770e+00
-1.268221929716346397e+00
-1.272369466334045685e+00
-1.254477296498465400e+00
-1.341395756682538076e+00
-1.283740661576198594e+00
-1.298970192321729389e+00
-1.359300267147802277e+00
-1.306839711914079993e+00
-1.366266913704899055e+00
-1.290258149528654252e+00
-1.340128943456072808e+00
-1.404364954048451963e+00
-1.301682197165515475e+00
-1.803473043865833514e+00
-1.054200082833665286e+00
-1.281884810328260071e+00
-1.380757048496922490e+00
-1.276840467402755586e+00
-1.321887428999097835e+00
-1.296140051629287360e+00
-1.301812725475703036e+00
-1.288035389058435731e+00
-1.247089644710132283e+00
-1.386405648924993406e+00
-1.378022613200583502e+00
-1.438168428573090685e+00
-1.433788012758147934e+00
-1.438168428573090685e+00
-1.522900150406224951e+00
-1.461638903546546464e+00
-1.971873808779812220e+00
-1.610045564219053427e+00
-1.614463935160769248e+00
-1.602683720336428808e+00
-1.602683720336428808e+00
-1.602683720336428808e+00
-1.602683720336428808e+00
-1.602683720336428808e+00
-1.610045564219053427e+00
-1.602683720336428808e+00
-1.610045564219053427e+00
-1.602683720336428808e+00
-1.602683720336428808e+00
-1.602683720336428808e+00
-1.602683720336428808e+00
-1.602683720336428808e+00
-1.610045564219053427e+00
-1.610045564219053427e+00
-1.602683720336428808e+00
-1.610045564219053427e+00
-1.602683720336428808e+00
-1.610045564219053427e+00
-1.602683720336428808e+00
-1.602683720336428808e+00
-1.602683720336428808e+00
-1.602683720336428808e+00
-1.602683720336428808e+00
-1.602683720336428808e+00
-1.602683720336428808e+00
-1.602683720336428808e+00
-1.602683720336428808e+00
-1.602683720336428808e+00
-1.602683720336428808e+00
-1.602683720336428808e+00
-1.602683720336428808e+00
-1.602683720336428808e+00
-1.602683720336428808e+00
-1.602683720336428808e+00
-1.614463935160769248e+00
-1.602683720336428808e+00
-1.602683720336428808e+00
-1.602683720336428808e+00
-1.610045564219053427e+00
-1.610045564219053427e+00
-1.610045564219053427e+00
-1.602683720336428808e+00
-1.610045564219053427e+00
-1.602683720336428808e+00
-1.602683720336428808e+00
-1.602683720336428808e+00
-1.602683720336428808e+00
-1.610045564219053427e+00
-1.602683720336428808e+00
-1.602683720336428808e+00
-1.602683720336428808e+00
-1.614463935160769248e+00
-1.602683720336428808e+00
-1.602683720336428808e+00
-1.602683720336428808e+00
-1.602683720336428808e+00
-1.602683720336428808e+00
-1.602683720336428808e+00
-1.602683720336428808e+00
-1.602683720336428808e+00
-1.602683720336428808e+00
-1.602683720336428808e+00
-1.602683720336428808e+00
-1.602683720336428808e+00
-1.602683720336428808e+00
-1.602683720336428808e+00
-1.602683720336428808e+00
-1.602683720336428808e+00
-1.602683720336428808e+00
-1.602683720336428808e+00
-1.602683720336428808e+00
-1.610045564219053427e+00
-1.602683720336428808e+00
-1.602683720336428808e+00
-1.602683720336428808e+00
-1.602683720336428808e+00
-1.602683720336428808e+00
-1.602683720336428808e+00
-1.602683720336428808e+00
-1.602683720336428808e+00
-1.610045564219053427e+00
-1.610045564219053427e+00
-1.602683720336428808e+00
-1.610045564219053427e+00
-1.602683720336428808e+00
-1.602683720336428808e+00
-1.602683720336428808e+00
-1.602683720336428808e+00
-1.614463935160769248e+00
-1.602683720336428808e+00
-1.602683720336428808e+00
-1.602683720336428808e+00
-1.602683720336428808e+00
-1.602683720336428808e+00
-1.602683720336428808e+00
-1.602683720336428808e+00
-1.602683720336428808e+00
-1.602683720336428808e+00
-1.610045564219053427e+00
-1.602683720336428808e+00
-1.602683720336428808e+00
-1.610045564219053427e+00
-1.602683720336428808e+00
-1.610045564219053427e+00
-1.602683720336428808e+00
-1.602683720336428808e+00
-1.602683720336428808e+00
-1.610045564219053427e+00
-1.602683720336428808e+00
-1.602683720336428808e+00
-1.602683720336428808e+00
-1.602683720336428808e+00
-1.602683720336428808e+00
-1.602683720336428808e+00
-1.602683720336428808e+00
-1.602683720336428808e+00
-1.602683720336428808e+00
-1.602683720336428808e+00
-1.614463935160769248e+00
-1.602683720336428808e+00
-1.602683720336428808e+00
-1.602683720336428808e+00
-1.602683720336428808e+00
-1.610045564219053427e+00
-1.602683720336428808e+00
-1.602683720336428808e+00
-1.602683720336428808e+00
-1.602683720336428808e+00
-1.602683720336428808e+00
-1.602683720336428808e+00
-1.602683720336428808e+00
-1.602683720336428808e+00
-1.602683720336428808e+00
-1.614463935160769248e+00
-1.602683720336428808e+00
-1.602683720336428808e+00
-1.602683720336428808e+00
-1.602683720336428808e+00
-1.602683720336428808e+00
-1.602683720336428808e+00
-1.602683720336428808e+00
-1.602683720336428808e+00
-1.602683720336428808e+00
-1.602683720336428808e+00
-1.602683720336428808e+00
-1.602683720336428808e+00
-1.602683720336428808e+00
-1.602683720336428808e+00
-1.610045564219053427e+00
-1.602683720336428808e+00
-1.602683720336428808e+00
-1.602683720336428808e+00
-1.602683720336428808e+00
-1.602683720336428808e+00
-1.602683720336428808e+00
-1.602683720336428808e+00
-1.602683720336428808e+00
-1.602683720336428808e+00
-1.602683720336428808e+00
-1.602683720336428808e+00
-1.602683720336428808e+00
-1.602683720336428808e+00
-1.602683720336428808e+00
-1.602683720336428808e+00
-1.602683720336428808e+00
-1.602683720336428808e+00
-1.602683720336428808e+00
-1.602683720336428808e+00
-1.602683720336428808e+00
-1.602683720336428808e+00
-1.602683720336428808e+00
-1.610045564219053427e+00
-1.602683720336428808e+00
-1.602683720336428808e+00
-1.602683720336428808e+00
-1.602683720336428808e+00
-1.602683720336428808e+00
-1.602683720336428808e+00
-1.610045564219053427e+00
-1.602683720336428808e+00
-1.602683720336428808e+00
-1.602683720336428808e+00
-1.602683720336428808e+00
-1.602683720336428808e+00
-1.602683720336428808e+00
-1.602683720336428808e+00
-1.602683720336428808e+00
-1.602683720336428808e+00
-1.602683720336428808e+00
-1.602683720336428808e+00
-1.602683720336428808e+00
-1.602683720336428808e+00
-1.610045564219053427e+00
-1.602683720336428808e+00
-1.602683720336428808e+00
-1.602683720336428808e+00
-1.602683720336428808e+00
-1.602683720336428808e+00
-1.602683720336428808e+00
-1.610045564219053427e+00
-1.602683720336428808e+00
-1.602683720336428808e+00
-1.602683720336428808e+00
-1.602683720336428808e+00
-1.602683720336428808e+00
-1.602683720336428808e+00
-1.602683720336428808e+00
-1.602683720336428808e+00
-1.602683720336428808e+00
-1.602683720336428808e+00
-1.602683720336428808e+00
-1.602683720336428808e+00
-1.602683720336428808e+00
-1.602683720336428808e+00
-1.602683720336428808e+00
-1.602683720336428808e+00
-1.610045564219053427e+00
-1.602683720336428808e+00
-1.602683720336428808e+00
-1.602683720336428808e+00
-1.602683720336428808e+00
-1.602683720336428808e+00
-1.602683720336428808e+00
-1.602683720336428808e+00
-1.602683720336428808e+00
-1.602683720336428808e+00
-1.602683720336428808e+00
-1.602683720336428808e+00
-1.610045564219053427e+00
-1.602683720336428808e+00
-1.610045564219053427e+00
-1.602683720336428808e+00
-1.602683720336428808e+00
-1.602683720336428808e+00
-1.610045564219053427e+00
-1.602683720336428808e+00
-1.602683720336428808e+00
-1.602683720336428808e+00
-1.602683720336428808e+00
-1.602683720336428808e+00
-1.602683720336428808e+00
-1.602683720336428808e+00
-1.602683720336428808e+00
-1.602683720336428808e+00
-1.602683720336428808e+00
-1.602683720336428808e+00
-1.602683720336428808e+00
-1.602683720336428808e+00
-1.610045564219053427e+00
-1.602683720336428808e+00
-1.602683720336428808e+00
-1.602683720336428808e+00
-1.602683720336428808e+00
-1.602683720336428808e+00
-1.602683720336428808e+00
-1.602683720336428808e+00
-1.602683720336428808e+00
-1.602683720336428808e+00
-1.602683720336428808e+00
-1.602683720336428808e+00
-1.602683720336428808e+00
-1.602683720336428808e+00
-1.602683720336428808e+00
-1.602683720336428808e+00
-1.602683720336428808e+00
-1.602683720336428808e+00
-1.602683720336428808e+00
-1.602683720336428808e+00
-1.602683720336428808e+00
-1.602683720336428808e+00
-1.602683720336428808e+00
-1.602683720336428808e+00
-1.602683720336428808e+00
-1.602683720336428808e+00
-1.602683720336428808e+00
-1.610045564219053427e+00
-1.602683720336428808e+00
-1.602683720336428808e+00
-1.602683720336428808e+00
-1.602683720336428808e+00
-1.602683720336428808e+00
-1.602683720336428808e+00
-1.602683720336428808e+00
-1.602683720336428808e+00
-1.602683720336428808e+00
-1.602683720336428808e+00
-1.602683720336428808e+00
-1.602683720336428808e+00
-1.602683720336428808e+00
-1.602683720336428808e+00
-1.602683720336428808e+00
-1.602683720336428808e+00
-1.602683720336428808e+00
-1.602683720336428808e+00
-1.602683720336428808e+00
-1.602683720336428808e+00
-1.602683720336428808e+00
-1.602683720336428808e+00
-1.602683720336428808e+00
-1.602683720336428808e+00
-1.602683720336428808e+00
-1.602683720336428808e+00
-1.602683720336428808e+00
-1.602683720336428808e+00
-1.602683720336428808e+00
-1.602683720336428808e+00
-1.602683720336428808e+00
-1.602683720336428808e+00
-1.602683720336428808e+00
-1.602683720336428808e+00
-1.602683720336428808e+00
-1.602683720336428808e+00
-1.602683720336428808e+00
-1.602683720336428808e+00
-1.602683720336428808e+00
-1.602683720336428808e+00
-1.602683720336428808e+00
-1.602683720336428808e+00
-1.602683720336428808e+00
-1.602683720336428808e+00
-1.602683720336428808e+00
-1.602683720336428808e+00
-1.602683720336428808e+00
-1.602683720336428808e+00
-1.602683720336428808e+00
-1.602683720336428808e+00
-1.602683720336428808e+00
-1.602683720336428808e+00
-1.602683720336428808e+00
-1.602683720336428808e+00
-1.602683720336428808e+00
-1.602683720336428808e+00
-1.602683720336428808e+00
-1.602683720336428808e+00
-1.602683720336428808e+00
-1.602683720336428808e+00
-1.602683720336428808e+00
-1.602683720336428808e+00
-1.602683720336428808e+00
-1.602683720336428808e+00
-1.602683720336428808e+00
-1.602683720336428808e+00
-1.602683720336428808e+00
-1.602683720336428808e+00
-1.602683720336428808e+00
-1.602683720336428808e+00
-1.602683720336428808e+00
-1.602683720336428808e+00
-1.602683720336428808e+00
-1.602683720336428808e+00
-1.602683720336428808e+00
-1.602683720336428808e+00
-1.602683720336428808e+00
-1.602683720336428808e+00
-1.602683720336428808e+00
-1.602683720336428808e+00
-1.602683720336428808e+00
-1.602683720336428808e+00
-1.602683720336428808e+00
-1.602683720336428808e+00
-1.602683720336428808e+00
-1.602683720336428808e+00
-1.602683720336428808e+00
-1.602683720336428808e+00
-1.602683720336428808e+00
-1.602683720336428808e+00
-1.602683720336428808e+00
-1.602683720336428808e+00
-1.602683720336428808e+00
-1.602683720336428808e+00
-1.602683720336428808e+00
-1.602683720336428808e+00
-1.602683720336428808e+00
-1.602683720336428808e+00
-1.602683720336428808e+00
-1.602683720336428808e+00
-1.602683720336428808e+00
-1.602683720336428808e+00
-1.602683720336428808e+00
-1.602683720336428808e+00
-1.602683720336428808e+00
-1.602683720336428808e+00
-1.602683720336428808e+00
-1.602683720336428808e+00
-1.602683720336428808e+00
-1.602683720336428808e+00
-1.602683720336428808e+00
-1.602683720336428808e+00
-1.602683720336428808e+00
-1.602683720336428808e+00
-1.602683720336428808e+00
-1.602683720336428808e+00
-1.602683720336428808e+00
-1.602683720336428808e+00
-1.602683720336428808e+00
-1.602683720336428808e+00
-1.602683720336428808e+00
-1.602683720336428808e+00
-1.602683720336428808e+00
-1.602683720336428808e+00
-1.602683720336428808e+00
-1.602683720336428808e+00
-1.602683720336428808e+00
-1.602683720336428808e+00
-1.602683720336428808e+00
-1.602683720336428808e+00
-1.602683720336428808e+00
-1.602683720336428808e+00
-1.602683720336428808e+00
-1.602683720336428808e+00
-1.602683720336428808e+00
-1.602683720336428808e+00
-1.602683720336428808e+00
-1.602683720336428808e+00
-1.602683720336428808e+00
-1.602683720336428808e+00
-1.602683720336428808e+00
-1.602683720336428808e+00
-1.602683720336428808e+00
-1.602683720336428808e+00
-1.602683720336428808e+00
-1.602683720336428808e+00
-1.602683720336428808e+00
-1.602683720336428808e+00
-1.602683720336428808e+00
-1.602683720336428808e+00
-1.602683720336428808e+00
-1.602683720336428808e+00
-1.602683720336428808e+00
-1.602683720336428808e+00
-1.602683720336428808e+00
-1.602683720336428808e+00
-1.602683720336428808e+00
-1.602683720336428808e+00
-1.602683720336428808e+00
-1.602683720336428808e+00
-1.602683720336428808e+00
-1.602683720336428808e+00
-1.602683720336428808e+00
-1.602683720336428808e+00
-1.602683720336428808e+00
-1.602683720336428808e+00
-1.602683720336428808e+00
-1.602683720336428808e+00
-1.602683720336428808e+00
-1.602683720336428808e+00
-1.602683720336428808e+00
-1.602683720336428808e+00
-1.602683720336428808e+00
-1.602683720336428808e+00
-1.602683720336428808e+00
-1.602683720336428808e+00
-1.602683720336428808e+00
-1.602683720336428808e+00
-1.602683720336428808e+00
-1.602683720336428808e+00
-1.602683720336428808e+00
-1.602683720336428808e+00
-1.602683720336428808e+00
-1.602683720336428808e+00
-1.602683720336428808e+00
-1.602683720336428808e+00
-1.602683720336428808e+00
-1.602683720336428808e+00
-1.602683720336428808e+00
-1.602683720336428808e+00
-1.602683720336428808e+00
-1.602683720336428808e+00
-1.602683720336428808e+00
-1.602683720336428808e+00
-1.602683720336428808e+00
-1.602683720336428808e+00
-1.602683720336428808e+00
-1.602683720336428808e+00
-1.602683720336428808e+00
-1.602683720336428808e+00
-1.602683720336428808e+00
-1.602683720336428808e+00
-1.602683720336428808e+00
-1.602683720336428808e+00
-1.602683720336428808e+00
-1.602683720336428808e+00
-1.602683720336428808e+00
-1.602683720336428808e+00
-1.602683720336428808e+00
-1.602683720336428808e+00
-1.602683720336428808e+00
-1.602683720336428808e+00
-1.602683720336428808e+00
-1.602683720336428808e+00
-1.602683720336428808e+00
-1.602683720336428808e+00
-1.602683720336428808e+00
-1.602683720336428808e+00
-1.602683720336428808e+00
