-1.764920711825407329e+00
-6.687295129151052953e-01
-2.368681807637092351e+00
-2.680831521499229986e+00
-2.517013248936558423e+00
-2.252570547129490564e+00
-1.670011147384062644e+00
-1.776306159156660458e+00
-2.354371241651799895e+00
-1.822030302852458039e+00
-2.473444777957955143e+00
-5.597262446096467059e-01
-2.641243475896653425e+00
-1.897503405379202590e+00
-1.786613811806339047e+00
-2.428157972837410306e+00
-1.983007520632054543e+00
-2.193561663568277087e+00
-1.394049098312542867e+00
-8.247930475965933317e-01
-9.151118007495806506e-01
-2.148211311935984469e+00
-8.412558074983423895e-01
-1.130580754341258043e+00
-1.920929131611832874e+00
-8.280983838738611436e-01
-2.118239118368958618e+00
-1.882530886916239821e+00
-1.995412151704158976e+00
-1.207918234776717448e+00
-1.032397603040696055e+00
-2.356809445053793972e+00
-2.198066830184011167e+00
-3.901946856374922667e-01
-1.916021979485836191e+00
-2.194650533902470446e+00
-1.482516256391166909e+00
-1.505278764403711111e+00
-2.426351002689074221e+00
-6.251488705672124668e-01
-2.196253774753481380e+00
-1.902007605552925140e+00
-1.437221123993101868e+00
-2.122534695771077118e+00
-1.739529623253798674e+00
-1.738586382417516729e+00
-2.669044056291217881e+00
-1.633694103240518336e+00
-1.602882609445052342e+00
-1.602379601259093844e+00
-1.603415056740692402e+00
-1.614453079153519433e+00
-1.614504546744907731e+00
-1.609968510351419635e+00
-1.602387064808724171e+00
-1.602386590130154165e+00
-1.603033863033309192e+00
-1.614419704315789073e+00
-1.614439624972697995e+00
-1.610493022143074660e+00
-1.610084900190617230e+00
-1.602557425339235397e+00
-1.602465266797291843e+00
-1.609998102833673839e+00
-1.603090879981424077e+00
-1.604826436134103806e+00
-1.604408525685564690e+00
-1.604018136986868681e+00
-1.602439330489355385e+00
-1.603985131722774904e+00
-1.602530567034134323e+00
-1.610132003560466485e+00
-1.602550694830218836e+00
-1.602492590086741497e+00
-1.602602686827732770e+00
-1.602425087804786763e+00
-1.602558845870610149e+00
-1.602853704781446842e+00
-1.614435125925643089e+00
-1.610343416287213669e+00
-1.603844014536740525e+00
-1.609960896320737689e+00
-1.609970732079189171e+00
-1.604041475377832260e+00
-1.614486528784945252e+00
-1.602648571991199811e+00
-1.603086557865597506e+00
-1.614413682873458322e+00
-1.603020141297936352e+00
-1.602822225480291074e+00
-1.602512130823828151e+00
-1.614419038891750535e+00
-1.614614937699075936e+00
-1.603520973725141907e+00
-1.602420891070376774e+00
-1.610269588400287333e+00
-1.609980582333208066e+00
-1.602561565268550314e+00
-1.602369935964042424e+00
-1.602631999227636550e+00
-1.605506885193362265e+00
-1.602501527279694749e+00
-1.614402159273558679e+00
-1.602432792171326392e+00
-1.614466208769765432e+00
-1.604238798887269946e+00
-1.602438641538226127e+00
-1.605213597909957324e+00
-1.602358594259352342e+00
-1.602953984508477481e+00
-1.603893156300026490e+00
-1.603045699372408261e+00
-1.602710507776461846e+00
-1.602451823151976207e+00
-1.603060280231564105e+00
-1.603028436927052214e+00
-1.603530482666584378e+00
-1.602453863644863752e+00
-1.602382128474462597e+00
-1.602428902933477950e+00
-1.610490845236667301e+00
-1.603212110314433003e+00
-1.603041363354035465e+00
-1.610033749833862382e+00
-1.605009236298450936e+00
-1.602916296164822230e+00
-1.602901914225633773e+00
-1.602418337990643593e+00
-1.605591732963483009e+00
-1.610658607985786306e+00
-1.604204778888240757e+00
-1.604301012974404861e+00
-1.602473486657813417e+00
-1.604097295992030325e+00
-1.604016714474388428e+00
-1.609948697267379991e+00
-1.603099712203578386e+00
-1.605418686445287513e+00
-1.602375572118335034e+00
-1.602891894197366218e+00
-1.604938091656333388e+00
-1.602902813016230610e+00
-1.610065701901959301e+00
-1.604803667569108860e+00
-1.602471250996120977e+00
-1.603681687369711728e+00
-1.602435730939198111e+00
-1.603708872866728363e+00
-1.610143834343223723e+00
-1.609967729563455130e+00
-1.603564850975197631e+00
-1.610017090700037734e+00
-1.609988590402133823e+00
-1.604664338287576930e+00
-1.606234189862873363e+00
-1.603005319088873781e+00
-1.602948187745848907e+00
-1.602365216716493235e+00
-1.610444635474009623e+00
-1.610430294665494921e+00
-1.610517562892520793e+00
-1.614562583566159004e+00
-1.605373785713775536e+00
-1.610237219561616362e+00
-1.603289026628114122e+00
-1.610513074332315053e+00
-1.602521041572459559e+00
-1.610061926242603247e+00
-1.609952669033821060e+00
-1.602946351936422431e+00
-1.602704279018424716e+00
-1.602530871048159833e+00
-1.602413151939454439e+00
-1.603071716517199929e+00
-1.602405310462782007e+00
-1.604414564161219525e+00
-1.603499342573413866e+00
-1.602395378029047635e+00
-1.602361317514028105e+00
-1.602523751794949325e+00
-1.603219387455678824e+00
-1.603618217069602059e+00
-1.602586587113774552e+00
-1.609994595187868693e+00
-1.610057743718889434e+00
-1.610025327566309228e+00
-1.605541105769109578e+00
-1.602479860743250217e+00
-1.610210004318976207e+00
-1.602487076681170075e+00
-1.602378369139117575e+00
-1.602423504459007830e+00
-1.610484882757731384e+00
-1.603853609593058671e+00
-1.604311847188515161e+00
-1.602415540720233400e+00
-1.603840005249964840e+00
-1.610222780745052873e+00
-1.605664694558428751e+00
-1.602360018762791327e+00
-1.603802300155014349e+00
-1.602473441749260763e+00
-1.603950349383098661e+00
-1.603404758004326691e+00
-1.602732382876522532e+00
-1.609950422773100298e+00
-1.602552634667759657e+00
-1.603588918520125306e+00
-1.602594561771997883e+00
-1.602462471789926068e+00
-1.610655441640683749e+00
-1.603414368034019599e+00
-1.602431415030378448e+00
-1.603199004657775983e+00
-1.602936212454694864e+00
-1.604759203495420561e+00
-1.603875019126781432e+00
-1.610032431154956978e+00
-1.603232838149119432e+00
-1.602994812002897396e+00
-1.602408339636869350e+00
-1.604220660106298713e+00
-1.606033466128087728e+00
-1.603642998530357078e+00
-1.602519298078687759e+00
-1.602497401365264640e+00
-1.605114420619708104e+00
-1.602357984633479226e+00
-1.602405671418857258e+00
-1.602737619088359322e+00
-1.602398284546416862e+00
-1.602620816984391183e+00
-1.606393393361494226e+00
-1.604296359072441280e+00
-1.602445757646818070e+00
-1.602565529236545050e+00
-1.614410821491301995e+00
-1.602451414670022833e+00
-1.602690650210773171e+00
-1.606363676179823674e+00
-1.602677588525822427e+00
-1.603010923538944477e+00
-1.602837272266111057e+00
-1.602481060972738014e+00
-1.603513444420546108e+00
-1.603018914932933248e+00
-1.602531006281154191e+00
-1.603805817626987817e+00
-1.604792174339324307e+00
-1.602467217538289246e+00
-1.602389798696519874e+00
-1.606296329797107791e+00
-1.603078143809750333e+00
-1.603395751033213079e+00
-1.605175001589531636e+00
-1.603000414926988748e+00
-1.604818955452895990e+00
-1.605661528405599059e+00
-1.602410985139846256e+00
-1.602396991816865013e+00
-1.602486421039466258e+00
-1.602376393769185503e+00
-1.602643183937101590e+00
-1.610153150454430193e+00
-1.603817125258047316e+00
-1.602586705413516555e+00
-1.605348449358160901e+00
-1.606472113661417067e+00
-1.603715982551055408e+00
-1.602509099093380351e+00
-1.603170489653663822e+00
-1.602397017616727481e+00
-1.602631072718652128e+00
-1.602675957921732675e+00
-1.602586900560777794e+00
-1.602465177885693315e+00
-1.603036205356536126e+00
-1.610538709258999557e+00
-1.604046031327552191e+00
-1.602566051426133287e+00
-1.602602173317480894e+00
-1.602899727680891839e+00
-1.605567590125787092e+00
-1.602366745447257435e+00
-1.604825403873348044e+00
-1.602869251468128864e+00
-1.602723616993892763e+00
-1.603156051635600488e+00
-1.604337146561481742e+00
-1.602772254600596247e+00
-1.603123143617316781e+00
-1.602402128566222217e+00
-1.602430783019645144e+00
-1.604213197136915348e+00
-1.605866228024694475e+00
-1.602794674436773814e+00
-1.602460103937068503e+00
-1.602377255044551640e+00
-1.606487080213985896e+00
-1.610047736466901025e+00
-1.603551141705922944e+00
-1.602481032320285159e+00
-1.602493158661587813e+00
-1.603111052501823952e+00
-1.602608866660421905e+00
-1.603224713500924770e+00
-1.603901899983607215e+00
-1.603408092176671351e+00
-1.602361610228895561e+00
-1.603408609622736458e+00
-1.610054652455328528e+00
-1.602917134232275442e+00
-1.609990533790494283e+00
-1.604101350125738179e+00
-1.602995996237745802e+00
-1.602470064719066833e+00
-1.602495203384640465e+00
-1.602594898576820803e+00
-1.610152910260704173e+00
-1.604193239677560001e+00
-1.602421406862533759e+00
-1.604633801560730211e+00
-1.604023370577166041e+00
-1.602451674131465165e+00
-1.602551658285869207e+00
-1.602442347502496922e+00
-1.603751697429742773e+00
-1.603357164254940015e+00
-1.610303413673120687e+00
-1.604341378386149319e+00
-1.602385757574302128e+00
-1.602475362392079328e+00
-1.602390541397671120e+00
-1.603225607954740894e+00
-1.604465184309393333e+00
-1.602603024172998714e+00
-1.603430268309661733e+00
-1.602669328562422058e+00
-1.602809541656063264e+00
-1.602789230993680203e+00
-1.602683468263734090e+00
-1.603909534342246923e+00
-1.602457839212404256e+00
-1.605102896656813494e+00
-1.602602196087454800e+00
-1.602374390453100927e+00
-1.604934960340944849e+00
-1.602690292511797621e+00
-1.602435000418362510e+00
-1.602732016538401361e+00
-1.603403496621798929e+00
-1.603001622783952529e+00
-1.602945707611352688e+00
-1.604555906464429471e+00
-1.605440790314233368e+00
-1.606339281632102489e+00
-1.602524324803274336e+00
-1.602427701912772173e+00
-1.602477279919873210e+00
-1.605346887176308357e+00
-1.602474916002154082e+00
-1.602396621689384126e+00
-1.603093829627405542e+00
-1.602428376746727334e+00
-1.602903548200355743e+00
-1.602898031532179468e+00
-1.610300451143523270e+00
-1.604592663052824886e+00
-1.602377632444207833e+00
-1.603971818003468996e+00
-1.603231376990165824e+00
-1.602979701231479481e+00
-1.602405236905390717e+00
-1.602502503763311603e+00
-1.602438902367028017e+00
-1.602626900637895480e+00
-1.602446320903520460e+00
-1.603128635699575089e+00
-1.604204606651274734e+00
-1.602463331525596058e+00
-1.606328726137302265e+00
-1.602426846160978968e+00
-1.602809076705214109e+00
-1.605484345399450286e+00
-1.602607746270186873e+00
-1.605295186022142051e+00
-1.603266243294605653e+00
-1.602741137617150757e+00
-1.605956375920883694e+00
-1.602803908335979965e+00
-1.605302630360595728e+00
-1.602865748215173136e+00
-1.602375862444210153e+00
-1.602987383015778144e+00
-1.603235197659744760e+00
-1.602476912023814926e+00
-1.603838930900177706e+00
-1.602453205503760136e+00
-1.604676240961809386e+00
-1.602426189506446885e+00
-1.605016424198590697e+00
-1.603205374607989508e+00
-1.603823977825031832e+00
-1.604737534153359180e+00
-1.602803232488249519e+00
-1.603465073972619059e+00
-1.605799491127458012e+00
-1.604339697985584179e+00
-1.602586654140755851e+00
-1.602585238683088775e+00
-1.602514285695040730e+00
-1.604090490077933140e+00
-1.603507134666943168e+00
-1.604401710312005180e+00
-1.602615347407675861e+00
-1.604139772622687365e+00
-1.603977732924759314e+00
-1.604677294177377700e+00
-1.605544207816526070e+00
-1.602699697379549537e+00
-1.603001772032703887e+00
-1.602490028240677988e+00
-1.602367207626727463e+00
-1.602645497691091991e+00
-1.602446348092726680e+00
-1.605112353174404927e+00
-1.604296614057835191e+00
-1.602377124458508106e+00
-1.604535694295440296e+00
-1.602916035087088575e+00
-1.604197075024815344e+00
-1.602526792702925196e+00
-1.602542858403801951e+00
-1.603150724239884806e+00
-1.602779836410722636e+00
-1.603530045951208294e+00
-1.603125304566146880e+00
-1.604488085532570052e+00
-1.602429167651691522e+00
-1.602645525532442106e+00
-1.602665032414989144e+00
-1.602738666684161650e+00
-1.603584949058203035e+00
-1.602440792551049320e+00
-1.604869239568746275e+00
-1.602917641459039588e+00
-1.602473504231644474e+00
-1.602471889099615021e+00
-1.606259754443370324e+00
-1.604014805812262079e+00
-1.603035211009110839e+00
-1.602375632537942574e+00
-1.602539526407626980e+00
-1.602375425155456945e+00
-1.602605820884807075e+00
-1.604852582978857800e+00
-1.602907563661829071e+00
-1.602434584957628250e+00
-1.602682404412930861e+00
-1.604787526535575104e+00
-1.603825066391515675e+00
-1.603175269106763778e+00
-1.604668595201758974e+00
-1.603235880536227009e+00
-1.603951530244701829e+00
-1.602603544606545860e+00
-1.602406466405087881e+00
-1.603130844640031638e+00
-1.602713633727162357e+00
-1.606310652539302275e+00
-1.602769171360819644e+00
-1.604790346970458970e+00
-1.602390184029756304e+00
-1.602720002805278376e+00
-1.603118433663796694e+00
-1.602697458106749906e+00
-1.603365868622664170e+00
-1.602621552149658291e+00
-1.604567171077434740e+00
-1.602576497152641721e+00
-1.602558997450266975e+00
-1.602661171323990885e+00
-1.602557983635251482e+00
-1.602627365852607122e+00
-1.602750175963601809e+00
-1.604564500500077928e+00
-1.603550734132681566e+00
-1.604310732418304797e+00
-1.604384860488189402e+00
-1.602834991736810322e+00
-1.606462245908922171e+00
-1.602514408314448913e+00
-1.603244300377021592e+00
-1.605019874940181834e+00
-1.602748904191309887e+00
-1.602493844884892882e+00
-1.602527889299206976e+00
-1.602424528189787312e+00
-1.605490018487297998e+00
-1.603795012671567877e+00
-1.604899268805991541e+00
-1.602945249637767411e+00
-1.602648458746942950e+00
-1.602800240313099867e+00
-1.602395274255770552e+00
-1.603073116756072114e+00
-1.602425943836975231e+00
-1.602395443331645186e+00
-1.603028380422966803e+00
-1.603429489023671994e+00
-1.603419824134100669e+00
-1.604763469175722213e+00
-1.602713842067264194e+00
-1.605481691303024538e+00
-1.602512281432433738e+00
-1.603818802709114255e+00
-1.605373064974032982e+00
-1.602444994572178594e+00
-1.602460907799696965e+00
-1.602424012039964651e+00
-1.602428914917444214e+00
-1.605737263506272550e+00
-1.602410755018755406e+00
-1.605685789696009724e+00
-1.605043483073898880e+00
-1.602378829849451902e+00
-1.602451696809557680e+00
-1.603307295895818552e+00
-1.603094173426131697e+00
-1.602575522560407695e+00
-1.602730655906261736e+00
-1.602710743742755906e+00
-1.602666699193453503e+00
-1.604539418688580854e+00
-1.606095436963898226e+00
-1.602829350866227687e+00
-1.602391544463866779e+00
-1.602563415129233615e+00
-1.603271793546086066e+00
-1.603350868556181918e+00
-1.602561683457279340e+00
-1.606415459794685141e+00
-1.604323168288951607e+00
-1.602579167781072345e+00
-1.603468785247742279e+00
-1.602413698390575458e+00
-1.602605331330464900e+00
-1.603133131428124081e+00
-1.602481197660021284e+00
-1.602621844291632680e+00
-1.602834415884297981e+00
-1.605286316929820378e+00
-1.602371507663071126e+00
-1.606174162093675584e+00
-1.602998134188914570e+00
-1.603473423599360403e+00
-1.602539616117773180e+00
-1.603810477846771665e+00
-1.602685496017171474e+00
-1.604756045667256936e+00
-1.602383811139403758e+00
-1.602826156699152627e+00
-1.602390495911200974e+00
-1.602490297566429023e+00
-1.605528965604488434e+00
-1.602503267126080377e+00
-1.602455528215982916e+00
-1.604022490106476129e+00
-1.602387008759038611e+00
-1.606166063613136075e+00
-1.603176129475939016e+00
-1.602409309310211194e+00
-1.603059772616183931e+00
-1.604838288363849230e+00
-1.603750497659778063e+00
-1.602389142628270147e+00
-1.606193617383744776e+00
-1.602593688492786717e+00
-1.603205387366387402e+00
-1.602367724750862088e+00
-1.602625386946292974e+00
-1.603004859626666834e+00
-1.602887586153404209e+00
-1.602736587603097451e+00
-1.602421512364453404e+00
-1.602382291887534560e+00
-1.602499377272850856e+00
-1.602727687222019082e+00
-1.602633799776712165e+00
-1.605644265356497291e+00
-1.602502382954473781e+00
-1.602439731825837432e+00
-1.602659140982320984e+00
-1.604722308625267102e+00
-1.605188072981124314e+00
-1.605257139320324766e+00
-1.602770009120815242e+00
-1.603362136182053144e+00
-1.602775349790058312e+00
-1.602418199422174006e+00
