-6.876045362903223657e-01
-6.157348790322578758e-01
-6.454221774193548145e-01
-7.073222782258062891e-01
-5.907447580645162066e-01
-6.136076612903226257e-01
-6.791014112903226430e-01
-5.025650201612902324e-01
-5.134167338709677564e-01
-6.059866935483870787e-01
-7.328464717741934864e-01
-4.420309475806450950e-01
-5.162993951612904198e-01
-4.371568548387096964e-01
-4.995054435483871069e-01
-6.589351814516130057e-01
-5.242330645161290548e-01
-4.156245967741936109e-01
-6.153365927419354175e-01
-4.479731854838709948e-01
-5.490462701612902618e-01
-5.736381048387095838e-01
-4.933007056451613193e-01
-4.762442540322580631e-01
-4.349440524193548541e-01
-5.206896169354838788e-01
-3.765018145161289631e-01
-4.098683467741935371e-01
-3.326761088709677683e-01
-4.713701612903225535e-01
-4.776604838709677670e-01
-4.676909274193548627e-01
-3.150855846774193725e-01
-3.851407258064515338e-01
-4.434973790322581100e-01
-4.175748991935483989e-01
-2.685130040322581402e-01
-4.972926411290322091e-01
-3.775197580645160977e-01
-3.900148185483870988e-01
-3.990520161290322942e-01
-4.178876008064515979e-01
-4.684875000000000012e-01
-4.013150201612902812e-01
-3.564713709677419518e-01
-3.106097782258064322e-01
-2.836693548387095865e-01
-3.617437499999999750e-01
-3.944906249999999837e-01
-2.980291330645160608e-01
-2.272630040322579925e-01
-2.832710685483870727e-01
-3.012598790322580933e-01
-3.017939516129032329e-01
-3.254534274193548460e-01
-3.040067540322580752e-01
-2.711742943548386409e-01
-2.196420362903225842e-01
-2.510582661290322593e-01
-2.393597782258065354e-01
-2.200403225806451812e-01
-2.860179435483871102e-01
-2.460483870967742626e-01
-3.025905241935484269e-01
-3.092791330645160985e-01
-2.187096774193548199e-01
-2.276612903225806450e-01
-3.133566532258064696e-01
-3.223082661290322948e-01
-2.532710685483871016e-01
-2.971823588709677222e-01
-2.702419354838709320e-01
-2.348839717741935396e-01
-2.864162298387096794e-01
-2.079435483870967771e-01
-2.608920362903225931e-01
-2.250000000000000611e-01
-2.155645161290322409e-01
-2.864162298387097350e-01
-1.671774193548386800e-01
-2.363002016129032712e-01
-2.573485887096774172e-01
-2.505241935483871196e-01
-1.837499999999999689e-01
-1.429838709677419273e-01
-1.895564516129031873e-01
-2.179131048387096259e-01
-2.079435483870967494e-01
-1.564112903225806372e-01
-2.438355846774193370e-01
-1.671774193548387077e-01
-2.487952620967742445e-01
-2.263306451612902559e-01
-1.080241935483870624e-01
-2.129032258064516570e-01
-2.200403225806451257e-01
-1.698387096774193472e-01
-2.092741935483870275e-01
-2.308064516129032517e-01
-1.487903225806451735e-01
-1.945161290322580949e-01
-2.491935483870967860e-01
-1.989919354838709797e-01
-1.366935483870967694e-01
-2.182258064516128526e-01
-1.380241935483871030e-01
-1.627016129032257952e-01
-1.245967741935483791e-01
-2.003225806451612578e-01
-1.608870967741935498e-01
-1.366935483870967694e-01
-1.927016129032257663e-01
-1.429838709677419273e-01
-1.792741935483870841e-01
-1.761290322580645051e-01
-1.689919354838709808e-01
-1.322177419354838290e-01
-1.443145161290322609e-01
-1.532661290322580583e-01
-2.021370967741935587e-01
-1.622177419354838279e-01
-1.232661290322580316e-01
-1.277419354838709442e-01
-1.277419354838709442e-01
-1.290725806451612778e-01
-1.245967741935483653e-01
-1.290725806451612778e-01
-1.232661290322580316e-01
-1.398387096774193483e-01
-1.824193548387096908e-01
-1.201209677419354527e-01
-1.353629032258064357e-01
-1.201209677419354666e-01
-1.716532258064516203e-01
-1.627016129032258229e-01
-1.716532258064516203e-01
-1.080241935483870624e-01
-1.124999999999999889e-01
-1.398387096774193483e-01
-1.487903225806451735e-01
-1.093548387096774099e-01
-1.290725806451612778e-01
-1.124999999999999889e-01
-8.068548387096773078e-02
-1.048790322580644835e-01
-1.564112903225806372e-01
-1.308870967741935232e-01
-1.277419354838709442e-01
-1.671774193548386522e-01
-1.685080645161290136e-01
-1.658467741935484019e-01
-1.169758064516128876e-01
-9.725806451612903358e-02
-1.232661290322580455e-01
-1.582258064516129104e-01
-1.138306451612903225e-01
-7.306451612903225312e-02
-1.443145161290322331e-01
-8.201612903225805051e-02
-7.620967741935483208e-02
-9.725806451612901971e-02
-1.366935483870967694e-01
-1.232661290322580178e-01
-5.020161290322580627e-02
-1.017338709677419323e-01
-1.093548387096774099e-01
-1.169758064516128737e-01
-7.306451612903225312e-02
-9.725806451612900583e-02
-1.214516129032257863e-01
-1.035483870967741776e-01
-6.858870967741935443e-02
-1.290725806451612778e-01
-6.229838709677419650e-02
-1.017338709677419323e-01
-8.020161290322581904e-02
-1.245967741935483653e-01
-1.106854838709677435e-01
-7.439516129032257286e-02
-1.443145161290322609e-01
-6.362903225806451624e-02
-7.439516129032258673e-02
-8.516129032258064335e-02
-1.259274193548386989e-01
-6.544354838709677546e-02
-8.516129032258062947e-02
-1.017338709677419323e-01
-1.124999999999999750e-01
-7.306451612903225312e-02
-1.111693548387096553e-01
-3.048387096774193492e-02
-2.733870967741935595e-02
-6.229838709677419650e-02
-5.020161290322580627e-02
-6.991935483870967416e-02
-7.754032258064516570e-02
-1.004032258064515848e-01
-8.068548387096773078e-02
-8.201612903225805051e-02
-5.334677419354838523e-02
-7.306451612903225312e-02
-7.754032258064516570e-02
-7.439516129032257286e-02
-7.754032258064515182e-02
-6.544354838709677546e-02
-5.334677419354838523e-02
-5.782258064516129087e-02
-5.334677419354838523e-02
-5.020161290322580627e-02
-9.725806451612901971e-02
-3.810483870967741604e-02
-1.353629032258064080e-01
-5.782258064516129087e-02
-4.258064516129032168e-02
-5.467741935483871191e-02
-5.334677419354838523e-02
-5.782258064516129087e-02
-7.754032258064516570e-02
-4.258064516129032168e-02
-2.733870967741935595e-02
-7.620967741935483208e-02
-6.229838709677419650e-02
-5.020161290322580627e-02
-3.810483870967741604e-02
-2.286290322580645032e-02
-7.306451612903225312e-02
-4.705645161290322731e-02
-5.467741935483871191e-02
-5.334677419354838523e-02
-7.306451612903225312e-02
-6.229838709677419650e-02
-3.048387096774193492e-02
-1.524193548387096746e-02
-5.782258064516129087e-02
-3.048387096774193492e-02
-4.258064516129032168e-02
-2.286290322580645032e-02
-3.048387096774193492e-02
-3.810483870967741604e-02
-4.258064516129032168e-02
-3.495967741935483708e-02
-3.810483870967741604e-02
-5.334677419354838523e-02
-3.495967741935483708e-02
-6.544354838709677546e-02
-2.286290322580645032e-02
-3.810483870967741604e-02
-5.334677419354838523e-02
-4.572580645161290064e-02
-3.810483870967741604e-02
-5.334677419354838523e-02
-3.048387096774193492e-02
-3.810483870967741604e-02
-1.524193548387096746e-02
-3.810483870967741604e-02
-4.258064516129032168e-02
-3.810483870967741604e-02
-6.544354838709677546e-02
-2.286290322580645032e-02
-5.334677419354838523e-02
-6.991935483870967416e-02
-7.306451612903225312e-02
-3.810483870967741604e-02
-4.572580645161290064e-02
-6.544354838709677546e-02
-3.810483870967741604e-02
-4.705645161290322731e-02
-5.334677419354838523e-02
-1.524193548387096746e-02
-3.810483870967741604e-02
-1.524193548387096746e-02
-7.620967741935483729e-03
-2.286290322580645032e-02
-4.572580645161290064e-02
-2.286290322580645032e-02
-6.229838709677419650e-02
-2.286290322580645032e-02
-6.544354838709677546e-02
-3.810483870967741604e-02
-4.572580645161290064e-02
-3.810483870967741604e-02
-2.286290322580645032e-02
-5.467741935483871191e-02
-6.677419354838709520e-02
-3.810483870967741604e-02
-2.286290322580645032e-02
-1.524193548387096746e-02
-3.048387096774193492e-02
-1.971774193548387136e-02
-3.810483870967741604e-02
-2.733870967741935595e-02
-2.733870967741935595e-02
-3.048387096774193492e-02
-1.524193548387096746e-02
-7.620967741935483729e-03
0.000000000000000000e+00
-5.782258064516129087e-02
-5.020161290322580627e-02
-7.620967741935483729e-03
-1.524193548387096746e-02
-2.286290322580645032e-02
-1.209677419354838850e-02
-2.286290322580645032e-02
-1.524193548387096746e-02
-7.620967741935483729e-03
-2.286290322580645032e-02
-7.620967741935483729e-03
-2.286290322580645032e-02
-7.620967741935483729e-03
-1.524193548387096746e-02
-3.495967741935483708e-02
-3.810483870967741604e-02
-7.620967741935483729e-03
-4.572580645161290064e-02
-3.048387096774193492e-02
-7.620967741935483729e-03
-1.524193548387096746e-02
-2.286290322580645032e-02
-1.524193548387096746e-02
-3.048387096774193492e-02
-3.048387096774193492e-02
-2.286290322580645032e-02
-1.524193548387096746e-02
-3.810483870967741604e-02
-3.810483870967741604e-02
-1.524193548387096746e-02
-7.620967741935483729e-03
-7.620967741935483729e-03
-2.286290322580645032e-02
-2.286290322580645032e-02
-3.048387096774193492e-02
-2.286290322580645032e-02
-3.048387096774193492e-02
-7.620967741935483729e-03
-2.286290322580645032e-02
-2.286290322580645032e-02
-2.733870967741935595e-02
-7.620967741935483729e-03
-1.524193548387096746e-02
-1.524193548387096746e-02
0.000000000000000000e+00
0.000000000000000000e+00
-1.524193548387096746e-02
-1.524193548387096746e-02
-7.620967741935483729e-03
-7.620967741935483729e-03
-3.048387096774193492e-02
-7.620967741935483729e-03
0.000000000000000000e+00
-7.620967741935483729e-03
-3.048387096774193492e-02
-7.620967741935483729e-03
-1.524193548387096746e-02
-3.048387096774193492e-02
0.000000000000000000e+00
-2.286290322580645032e-02
-7.620967741935483729e-03
-3.048387096774193492e-02
0.000000000000000000e+00
-1.524193548387096746e-02
0.000000000000000000e+00
-7.620967741935483729e-03
-7.620967741935483729e-03
-1.524193548387096746e-02
-1.524193548387096746e-02
0.000000000000000000e+00
-1.524193548387096746e-02
0.000000000000000000e+00
-3.048387096774193492e-02
-7.620967741935483729e-03
-2.286290322580645032e-02
0.000000000000000000e+00
-2.286290322580645032e-02
-7.620967741935483729e-03
0.000000000000000000e+00
-7.620967741935483729e-03
0.000000000000000000e+00
-7.620967741935483729e-03
-7.620967741935483729e-03
0.000000000000000000e+00
-7.620967741935483729e-03
-7.620967741935483729e-03
-7.620967741935483729e-03
-7.620967741935483729e-03
0.000000000000000000e+00
-4.258064516129032168e-02
0.000000000000000000e+00
-7.620967741935483729e-03
-7.620967741935483729e-03
0.000000000000000000e+00
-7.620967741935483729e-03
0.000000000000000000e+00
-7.620967741935483729e-03
0.000000000000000000e+00
0.000000000000000000e+00
0.000000000000000000e+00
-7.620967741935483729e-03
-2.286290322580645032e-02
0.000000000000000000e+00
-7.620967741935483729e-03
-7.620967741935483729e-03
0.000000000000000000e+00
-7.620967741935483729e-03
0.000000000000000000e+00
0.000000000000000000e+00
-7.620967741935483729e-03
-3.810483870967741604e-02
0.000000000000000000e+00
-7.620967741935483729e-03
-7.620967741935483729e-03
0.000000000000000000e+00
0.000000000000000000e+00
-7.620967741935483729e-03
-7.620967741935483729e-03
-7.620967741935483729e-03
0.000000000000000000e+00
-1.524193548387096746e-02
-7.620967741935483729e-03
-7.620967741935483729e-03
-7.620967741935483729e-03
0.000000000000000000e+00
-7.620967741935483729e-03
0.000000000000000000e+00
0.000000000000000000e+00
-7.620967741935483729e-03
-7.620967741935483729e-03
-7.620967741935483729e-03
-7.620967741935483729e-03
0.000000000000000000e+00
-1.524193548387096746e-02
-7.620967741935483729e-03
0.000000000000000000e+00
0.000000000000000000e+00
-1.524193548387096746e-02
-7.620967741935483729e-03
0.000000000000000000e+00
0.000000000000000000e+00
0.000000000000000000e+00
-1.524193548387096746e-02
-7.620967741935483729e-03
-7.620967741935483729e-03
0.000000000000000000e+00
0.000000000000000000e+00
0.000000000000000000e+00
-7.620967741935483729e-03
-7.620967741935483729e-03
0.000000000000000000e+00
0.000000000000000000e+00
0.000000000000000000e+00
0.000000000000000000e+00
-7.620967741935483729e-03
0.000000000000000000e+00
-7.620967741935483729e-03
0.000000000000000000e+00
0.000000000000000000e+00
0.000000000000000000e+00
0.000000000000000000e+00
0.000000000000000000e+00
0.000000000000000000e+00
0.000000000000000000e+00
0.000000000000000000e+00
0.000000000000000000e+00
0.000000000000000000e+00
0.000000000000000000e+00
0.000000000000000000e+00
-2.286290322580645032e-02
0.000000000000000000e+00
0.000000000000000000e+00
0.000000000000000000e+00
-7.620967741935483729e-03
0.000000000000000000e+00
0.000000000000000000e+00
0.000000000000000000e+00
0.000000000000000000e+00
0.000000000000000000e+00
0.000000000000000000e+00
-7.620967741935483729e-03
-7.620967741935483729e-03
-1.524193548387096746e-02
0.000000000000000000e+00
0.000000000000000000e+00
0.000000000000000000e+00
0.000000000000000000e+00
0.000000000000000000e+00
0.000000000000000000e+00
0.000000000000000000e+00
0.000000000000000000e+00
0.000000000000000000e+00
0.000000000000000000e+00
-7.620967741935483729e-03
0.000000000000000000e+00
0.000000000000000000e+00
0.000000000000000000e+00
0.000000000000000000e+00
0.000000000000000000e+00
0.000000000000000000e+00
0.000000000000000000e+00
0.000000000000000000e+00
0.000000000000000000e+00
0.000000000000000000e+00
-1.524193548387096746e-02
0.000000000000000000e+00
0.000000000000000000e+00
-7.620967741935483729e-03
0.000000000000000000e+00
0.000000000000000000e+00
0.000000000000000000e+00
0.000000000000000000e+00
0.000000000000000000e+00
0.000000000000000000e+00
0.000000000000000000e+00
0.000000000000000000e+00
0.000000000000000000e+00
0.000000000000000000e+00
0.000000000000000000e+00
0.000000000000000000e+00
0.000000000000000000e+00
0.000000000000000000e+00
0.000000000000000000e+00
0.000000000000000000e+00
-7.620967741935483729e-03
0.000000000000000000e+00
0.000000000000000000e+00
0.000000000000000000e+00
0.000000000000000000e+00
0.000000000000000000e+00
0.000000000000000000e+00
0.000000000000000000e+00
0.000000000000000000e+00
0.000000000000000000e+00
0.000000000000000000e+00
0.000000000000000000e+00
0.000000000000000000e+00
0.000000000000000000e+00
0.000000000000000000e+00
0.000000000000000000e+00
-7.620967741935483729e-03
0.000000000000000000e+00
0.000000000000000000e+00
0.000000000000000000e+00
0.000000000000000000e+00
0.000000000000000000e+00
0.000000000000000000e+00
0.000000000000000000e+00
0.000000000000000000e+00
0.000000000000000000e+00
0.000000000000000000e+00
0.000000000000000000e+00
0.000000000000000000e+00
0.000000000000000000e+00
0.000000000000000000e+00
0.000000000000000000e+00
0.000000000000000000e+00
0.000000000000000000e+00
0.000000000000000000e+00
0.000000000000000000e+00
0.000000000000000000e+00
0.000000000000000000e+00
0.000000000000000000e+00
0.000000000000000000e+00
0.000000000000000000e+00
0.000000000000000000e+00
0.000000000000000000e+00
0.000000000000000000e+00
0.000000000000000000e+00
0.000000000000000000e+00
-7.620967741935483729e-03
0.000000000000000000e+00
0.000000000000000000e+00
0.000000000000000000e+00
0.000000000000000000e+00
0.000000000000000000e+00
0.000000000000000000e+00
0.000000000000000000e+00
0.000000000000000000e+00
0.000000000000000000e+00
0.000000000000000000e+00
0.000000000000000000e+00
0.000000000000000000e+00
0.000000000000000000e+00
0.000000000000000000e+00
0.000000000000000000e+00
0.000000000000000000e+00
0.000000000000000000e+00
0.000000000000000000e+00
0.000000000000000000e+00
0.000000000000000000e+00
0.000000000000000000e+00
0.000000000000000000e+00
0.000000000000000000e+00
0.000000000000000000e+00
-7.620967741935483729e-03
0.000000000000000000e+00
0.000000000000000000e+00
0.000000000000000000e+00
0.000000000000000000e+00
0.000000000000000000e+00
0.000000000000000000e+00
0.000000000000000000e+00
0.000000000000000000e+00
