-2.416382309764686376e+00
-1.211363989448974054e+00
-2.371767135155769424e+00
-2.431062666047133281e+00
-2.538251855272339874e+00
-1.956591807362563218e+00
-6.191402782460107002e-01
-6.693990288610603967e-01
-2.032611214642203290e+00
-2.440703736668610624e+00
-1.874536199176245699e+00
-2.148255783524143592e+00
-1.502559877495842633e+00
-1.272730924944643238e+00
-1.863505218580913114e+00
-2.351475834721093339e+00
-1.948179733221921284e+00
-1.372374210791861948e+00
-2.341500218535792044e+00
-1.996672295686304555e+00
-6.059679548103853453e-01
-4.508879221277119487e-01
-2.289949714332943476e+00
-2.219140660236434748e+00
-1.868973630796188168e+00
-2.166788096397355812e+00
-1.682429972421471964e+00
-1.979727914227420893e+00
-2.145958663834203417e+00
-1.975752214901324466e+00
-1.787963747308926710e+00
-7.624849883358600922e-01
-1.764973855748865006e+00
-2.474030377744258047e+00
-2.291400523236281739e+00
-6.259554332568940671e-01
-1.862101752570663571e+00
-1.494864978364306651e+00
-6.280938731269882780e-01
-1.918097640820695338e+00
-1.444868033834039167e+00
-7.362870840530705285e-01
-1.744570022403423515e+00
-1.912485968484944454e+00
-1.730562556794128071e+00
-2.181551021578272742e+00
-1.643130108238924025e+00
-1.062721800268409122e+00
-2.148695643935195854e+00
-1.475604193760017946e+00
-1.669285669186672205e+00
-4.176366059890134208e-01
-3.897803582842854775e-01
-3.899280932087533236e-01
-1.109695933684188063e+00
-1.113101536601866393e+00
-1.895098798827423936e+00
-1.908050943728798687e+00
-2.133485169290470385e+00
-1.522771866165022470e+00
-2.099921656707739448e+00
-1.930261749136137572e+00
-1.056405549703214319e+00
-1.500087421246467878e+00
-2.443298124487709888e+00
-1.536468738713934412e+00
-2.067287039858426656e+00
-6.175327244386932257e-01
-1.871827189020740745e+00
-6.173553427088793732e-01
-2.095700311716132802e+00
-2.033407515285687861e+00
-2.228084399052441267e+00
-6.293160027051011296e-01
-1.526311010868320661e+00
-2.366257732184739115e+00
-6.231500536653047373e-01
-2.159705371380493677e+00
-1.720872556494773775e+00
-2.344637249144016167e+00
-1.894111475721891757e+00
-2.453248204502773255e+00
-1.356621118490235922e+00
-2.136662691622314814e+00
-2.116566642184219749e+00
-1.011949768119656978e+00
-2.350297658639419307e+00
-1.694046790254041257e+00
-6.180831579682013466e-01
-1.874750573420002731e+00
-2.192665724929586446e+00
-6.337446103105646156e-01
-1.371687859959326294e+00
-1.143664659949526152e+00
-6.177209298467237764e-01
-1.887418185769052403e+00
-2.121430181114583480e+00
-6.935283123119956317e-01
-1.348785848064914639e+00
-2.184969238930595026e+00
-6.537378268494440370e-01
-1.396855183905490350e+00
-2.286058433800300271e+00
-1.830595484568648734e+00
-9.052481378968630921e-01
-1.566055354876178418e+00
-2.089621145760400811e+00
-6.173343411473044551e-01
-2.033857163952252467e+00
-2.159755099072740769e+00
-3.049091748045129613e+00
-1.602495840099063429e+00
-1.610515377788189317e+00
-1.602474925068789080e+00
-1.602367647062711287e+00
-1.603940103260037553e+00
-1.603457621643109343e+00
-1.603942093886187248e+00
-1.602413788825033825e+00
-1.614553267867584907e+00
-1.604298731789692622e+00
-1.602677003244084464e+00
-1.610034116095523826e+00
-1.610099746972089907e+00
-1.602501362140297703e+00
-1.609938986024157082e+00
-1.614427055174104009e+00
-1.604165894545474202e+00
-1.602662350735670538e+00
-1.610181338667431739e+00
-1.602418856867649843e+00
-1.602486544496981136e+00
-1.602486664653808512e+00
-1.603792961316656385e+00
-1.602685621327149423e+00
-1.610234839753328151e+00
-1.614554221794155975e+00
-1.602465169692828928e+00
-1.603795206931213357e+00
-1.602547873892997465e+00
-1.606113004044209980e+00
-1.609980199343262974e+00
-1.614708611263495186e+00
-1.602362019391916803e+00
-1.605573012258342924e+00
-1.606212403645040920e+00
-1.614454967706693944e+00
-1.602627125843323785e+00
-1.604066947104100693e+00
-1.610109868901953289e+00
-1.604551885318584281e+00
-1.610179129635016970e+00
-1.603345609773766389e+00
-1.602378180001799990e+00
-1.602762052600840814e+00
-1.614527400775237931e+00
-1.602502437543778191e+00
-1.602409969109146015e+00
-1.606077961379136720e+00
-1.609947347317336463e+00
-1.602870047937493547e+00
-1.614404487796389454e+00
-1.602470726360357256e+00
-1.602819515071060685e+00
-1.603888760015196535e+00
-1.602489291581208342e+00
-1.602388841815362230e+00
-1.602642368981251009e+00
-1.610290480762356369e+00
-1.603876168008584457e+00
-1.602924314969272901e+00
-1.604104399169048900e+00
-1.602886001571400820e+00
-1.604448311132404825e+00
-1.610268392586018171e+00
-1.604638206834020142e+00
-1.610065152672013777e+00
-1.603693222005452945e+00
-1.603790813697989703e+00
-1.602880710053567581e+00
-1.609970506742268270e+00
-1.602612912574540971e+00
-1.602444295183870882e+00
-1.602575172826705252e+00
-1.602488116970522292e+00
-1.603078078139229312e+00
-1.603072950621019510e+00
-1.602600092140332055e+00
-1.602833430742888865e+00
-1.606254953308398514e+00
-1.604554884026551997e+00
-1.614451884863170816e+00
-1.602764183427239475e+00
-1.603651481608289409e+00
-1.603758414721031977e+00
-1.603229243261596659e+00
-1.610017984359480847e+00
-1.609961147120531511e+00
-1.602526655800772248e+00
-1.602792773565765883e+00
-1.602737813596756267e+00
-1.604060493792288211e+00
-1.602390676651256118e+00
-1.602478445049568156e+00
-1.602504505466248785e+00
-1.603011436884377527e+00
-1.602705714665979109e+00
-1.602359481617721126e+00
-1.602384545636405200e+00
-1.603400531383248895e+00
-1.602389954188000676e+00
-1.602933489010309298e+00
-1.605643751542335185e+00
-1.610108524499413551e+00
-1.603667660875284673e+00
-1.602779966748306695e+00
-1.603823052949799211e+00
-1.602893891295148254e+00
-1.602720409349934094e+00
-1.604896948089556963e+00
-1.609971578224094202e+00
-1.602459314509093291e+00
-1.606212324332391139e+00
-1.603419479958819949e+00
-1.603272114240458235e+00
-1.603304335216308996e+00
-1.602548127792083665e+00
-1.610183248109902543e+00
-1.604648173677459599e+00
-1.602412454937831576e+00
-1.602796218474560996e+00
-1.602425000712775383e+00
-1.604980626184230985e+00
-1.602947977589851858e+00
-1.610464749641618898e+00
-1.602366767600661657e+00
-1.603366332213138623e+00
-1.605499659212971997e+00
-1.602377598289460581e+00
-1.602442680076509918e+00
-1.602372971940599244e+00
-1.604251032795252163e+00
-1.602821725389537155e+00
-1.604667608437098325e+00
-1.604172431378220187e+00
-1.602392156454734540e+00
-1.602495661987328512e+00
-1.602684780581239643e+00
-1.603390642887987605e+00
-1.602530471934830336e+00
-1.602597249700746573e+00
-1.602977486474123081e+00
-1.604548653582141604e+00
-1.602886594310016566e+00
-1.603009156126328660e+00
-1.603299107613896712e+00
-1.604088269933086286e+00
-1.602381438426422111e+00
-1.603119131297709554e+00
-1.602682778405316144e+00
-1.602426656193447707e+00
-1.604228539921639163e+00
-1.602384728943431202e+00
-1.602615279460514186e+00
-1.610358078706880747e+00
-1.610625380351593083e+00
-1.605776299575415234e+00
-1.602863025011043385e+00
-1.602792842394759054e+00
-1.603184272903163121e+00
-1.603148470998642106e+00
-1.603953642258465706e+00
-1.602601824491572735e+00
-1.604799279904410625e+00
-1.602656677400554619e+00
-1.610521231373535311e+00
-1.604007221526058791e+00
-1.602363405802176288e+00
-1.603392027949191334e+00
-1.602470764610200549e+00
-1.603730137645086318e+00
-1.602777540449483729e+00
-1.605693706417960165e+00
-1.602692220875796991e+00
-1.602462913373808640e+00
-1.603146321459619772e+00
-1.603408637951969862e+00
-1.604439082026408503e+00
-1.602569339938409554e+00
-1.602765290270590670e+00
-1.602820537186792293e+00
-1.606180882705738222e+00
-1.603214103439869254e+00
-1.603292398183556511e+00
-1.602419337565582413e+00
-1.602388404224794005e+00
-1.603185989786224175e+00
-1.603103809398110258e+00
-1.604856685866057120e+00
-1.604424192286236783e+00
-1.602422182671888296e+00
-1.602382129600185001e+00
-1.604316259850522730e+00
-1.602809802065230826e+00
-1.603536627055483610e+00
-1.605443228148817347e+00
-1.603297347017407670e+00
-1.602369400946213940e+00
-1.602466156715967704e+00
-1.602384242693841054e+00
-1.605205783349814341e+00
-1.603082532010538408e+00
-1.604944843416721278e+00
-1.605299693012338880e+00
-1.603734926395508298e+00
-1.602365678219557443e+00
-1.603021843706919691e+00
-1.603089212803150199e+00
-1.603632642806678277e+00
-1.603887026189020570e+00
-1.603598691196479242e+00
-1.602386573197024600e+00
-1.602413837231950300e+00
-1.602694425180050564e+00
-1.609944716089344086e+00
-1.605142023035805776e+00
-1.602386249817149277e+00
-1.602623467838964366e+00
-1.602374058426913495e+00
-1.602554656131384148e+00
-1.602581797097573535e+00
-1.602766899632864561e+00
-1.603221748770897293e+00
-1.602414761659853637e+00
-1.603119476493482187e+00
-1.602973738396721748e+00
-1.603919850054848162e+00
-1.604394036519532829e+00
-1.602663970649983005e+00
-1.602696860814913471e+00
-1.602758553498569993e+00
-1.602503706351200874e+00
-1.602395242557644872e+00
-1.602420137230134767e+00
-1.602382656117167015e+00
-1.603641639373686312e+00
-1.603108998776876071e+00
-1.603189185403087968e+00
-1.602467039317886810e+00
-1.602608295472548461e+00
-1.603029283920356818e+00
-1.603723083576832353e+00
-1.604384721436729500e+00
-1.603569240645375427e+00
-1.602443579713269228e+00
-1.602520819125260010e+00
-1.603030957894038933e+00
-1.603331247691660355e+00
-1.603373886242526414e+00
-1.603633151874992224e+00
-1.602883965586129777e+00
-1.602484546684792788e+00
-1.605141377699163874e+00
-1.602447928165192659e+00
-1.602797316375211834e+00
-1.603974639016739534e+00
-1.605527131151097242e+00
-1.603917182069233061e+00
-1.604701022672017974e+00
-1.602500619702032392e+00
-1.603322944276424078e+00
-1.604034603319006935e+00
-1.602700585505949515e+00
-1.604243698444659749e+00
-1.604699072351569500e+00
-1.602635319320648843e+00
-1.603196623017707712e+00
-1.602436835989927477e+00
-1.603074738785273512e+00
-1.606103119739999752e+00
-1.602503806233657402e+00
-1.602458794724298530e+00
-1.602376084221668773e+00
-1.602377073923636930e+00
-1.602485927456123616e+00
-1.602366726904492333e+00
-1.603934031453407849e+00
-1.602515435187600312e+00
-1.602480722934684687e+00
-1.605073699744086646e+00
-1.603022242044827017e+00
-1.602631956943205704e+00
-1.603146355051510819e+00
-1.602408168105374786e+00
-1.603442189004292695e+00
-1.605517379186657489e+00
-1.605399864660844944e+00
-1.605078869723613577e+00
-1.605079302769959471e+00
-1.602495277843200450e+00
-1.602439310563337882e+00
-1.605127036614816483e+00
-1.602365253234397047e+00
-1.602379141264860696e+00
-1.603039752522934069e+00
-1.605624400844470889e+00
-1.602368878953019937e+00
-1.602371705194041818e+00
-1.602566431048896956e+00
-1.604796529644045400e+00
-1.603430705929134836e+00
-1.603252414679097848e+00
-1.602392729361546309e+00
-1.602439706363936622e+00
-1.602372166681891974e+00
-1.602585577127274119e+00
-1.602379311923536331e+00
-1.602429269720518468e+00
-1.603317409692150974e+00
-1.604556574093016330e+00
-1.602706136994720199e+00
-1.602606868836857323e+00
-1.602756544653353821e+00
-1.603133623577838840e+00
-1.602814267407132842e+00
-1.603952038314864659e+00
-1.603615305748976594e+00
-1.604512319392675801e+00
-1.604160562889662911e+00
-1.602528896979343420e+00
-1.602375889751971316e+00
-1.602376091058061336e+00
-1.602831355383174783e+00
-1.602790088391266909e+00
-1.603000710791152805e+00
-1.602559739895087043e+00
-1.604074928917412102e+00
-1.602537879584848612e+00
-1.602480299730844493e+00
-1.602367436527834199e+00
-1.603852089409561144e+00
-1.602362496106661593e+00
-1.605749512833163584e+00
-1.602370725628367243e+00
-1.602484700275843776e+00
-1.602417470605431493e+00
-1.603343027427049705e+00
-1.602859853344773988e+00
-1.604857011965586278e+00
-1.603445935679539858e+00
-1.602415371484053441e+00
-1.602391713284383679e+00
-1.602616781347792729e+00
-1.603582864708987810e+00
-1.605212597836767729e+00
-1.602407702868938966e+00
-1.602555315436767547e+00
-1.602633613442605576e+00
-1.604652269932671516e+00
-1.602486972629910911e+00
-1.602536236715172979e+00
-1.602359978545449870e+00
-1.603721555379600261e+00
-1.603589878273892655e+00
-1.606251956704280559e+00
-1.602771434384900884e+00
-1.603336713335125285e+00
-1.604684904963506575e+00
-1.603002589910160536e+00
-1.602367719605844121e+00
-1.602459221252874766e+00
-1.602546052026284196e+00
-1.605333219967308267e+00
-1.602383618647849950e+00
-1.602373596591878613e+00
-1.602946268590456524e+00
-1.604615825860932654e+00
-1.602480423065015147e+00
-1.603184549789235414e+00
-1.605078045096276051e+00
-1.602571538442221000e+00
-1.603196249352983438e+00
-1.603278457941873736e+00
-1.603453334501048655e+00
-1.604352649943938447e+00
-1.604462306683567929e+00
-1.602647459556709730e+00
-1.605330846513883358e+00
-1.604693446961286130e+00
-1.604369121129974429e+00
-1.603230727084744345e+00
-1.602586485665985716e+00
-1.602798430330042212e+00
-1.606242647048014005e+00
-1.602400133364193513e+00
-1.603151924497916880e+00
-1.604453860376042318e+00
-1.602528468360794989e+00
-1.602565424318472820e+00
-1.603834604641114936e+00
-1.602662961204460945e+00
-1.602377603101930115e+00
-1.602437965866931879e+00
-1.604009267658334625e+00
-1.602794501922269577e+00
-1.605221475288329591e+00
-1.602786026906988681e+00
-1.604965640883755595e+00
-1.603455414641253851e+00
-1.602833226219666729e+00
-1.602826427509780549e+00
-1.604107641354192371e+00
-1.606369161491713937e+00
-1.602550034844537841e+00
-1.605845909402375815e+00
-1.604729205434638484e+00
-1.602448139812599814e+00
-1.603128980720095687e+00
-1.604496857702478962e+00
-1.603389981745100945e+00
-1.606239752402224497e+00
-1.602407963481986108e+00
-1.602768384817497171e+00
-1.602380028421608094e+00
-1.604289152574859934e+00
-1.603714778258333196e+00
-1.602534046275193580e+00
-1.602972088496063874e+00
-1.602868418321035549e+00
-1.604776991112924156e+00
-1.604639375188870343e+00
-1.603454875146447467e+00
-1.603020417196196812e+00
-1.602363187568547120e+00
-1.602448135406151719e+00
-1.604763650904242667e+00
-1.602451094131604581e+00
-1.606145988395533353e+00
-1.602772254967631538e+00
-1.603801758004849365e+00
-1.602687928779345183e+00
-1.602440767157890633e+00
-1.603238222228131615e+00
-1.602921371195857203e+00
-1.602818742112503081e+00
-1.603289078412023505e+00
-1.603150261315858804e+00
-1.603249384308263359e+00
-1.602624227867953666e+00
-1.602536891216876258e+00
-1.603717197893556712e+00
-1.603710321944887607e+00
-1.602936154063334673e+00
-1.604517286980377211e+00
-1.603838963606116996e+00
-1.602484719303806759e+00
-1.602581251061760526e+00
-1.605483814877519899e+00
-1.604973179207156653e+00
-1.602894171266221468e+00
-1.603838882544229794e+00
-1.602618603414868614e+00
-1.605963794395273814e+00
-1.604077458440674286e+00
-1.603169301776700362e+00
-1.602923427568162085e+00
-1.602411656666179907e+00
-1.602376200132207051e+00
-1.602534749916183276e+00
-1.602687375836965966e+00
-1.603550935942483990e+00
-1.604284684249682069e+00
-1.602682493027601129e+00
-1.602647427061295815e+00
-1.602718695179021546e+00
-1.605180659662469811e+00
-1.604143137973018662e+00
-1.602400960593566959e+00
-1.603328280489734414e+00
-1.604097128267041095e+00
-1.603519683849633504e+00
-1.603267321358062381e+00
-1.602595908723031037e+00
-1.603440328453091590e+00
-1.605128472207510093e+00
-1.603473105308708568e+00
-1.602391447781896128e+00
-1.603077630606466686e+00
-1.602651402523251223e+00
-1.602415084884197594e+00
-1.602607259413125762e+00
-1.606286529862265278e+00
-1.602470213441368863e+00
-1.602459561697380463e+00
-1.602435911102436439e+00
-1.604903435083951724e+00
-1.602954650501830614e+00
-1.602635596160960407e+00
-1.602852570727877124e+00
-1.604560665463812708e+00
