-2.084053174170397149e+00
-2.145003198517105414e+00
-2.070783451207772963e+00
-2.407568779012970506e+00
-2.025117684763647397e+00
-1.992899396252420186e+00
-2.235907879437870616e+00
-2.155680989489962229e+00
-1.791871422437214756e+00
-2.243714463312690643e+00
-1.725751091336235277e+00
-2.280167933948338721e+00
-2.111337964193325867e+00
-2.134838006612482353e+00
-1.716873807990515921e+00
-2.094349277585693336e+00
-1.771103258725358565e+00
-1.863938715089591192e+00
-1.863854790764505553e+00
-1.746235460960905428e+00
-1.964822688224042491e+00
-1.855242076344307156e+00
-1.682005856657221576e+00
-1.923835894739926333e+00
-1.701781696440723746e+00
-1.971050216157816504e+00
-1.862195647639900642e+00
-1.607305874302324966e+00
-2.558845852290807521e+00
-1.471122608926886510e+00
-1.786470169968153332e+00
-1.614145968829737710e+00
-2.229366932251954481e+00
-1.013261529678429085e+00
-1.331501962092488611e+00
-1.110006447242905425e+00
-1.451365964416993615e+00
-1.249917704203130198e+00
-9.789640077253769501e-01
-1.283189093052094609e+00
-1.308262915062993192e+00
-1.416628209655062420e+00
-1.511142228750484096e+00
-1.263575112224057717e+00
-1.092599655449463469e+00
-1.439730828096209336e+00
-1.576497870590486183e+00
-1.190273231223899053e+00
-1.079393625044035909e+00
-1.300942306366561718e+00
-1.487783765613879705e+00
-1.163794395667052228e+00
-1.440569583000800957e+00
-1.538941622373703133e+00
-1.427477799689096827e+00
-1.293275666252887257e+00
-1.438168579402373748e+00
-1.317367913267109669e+00
-1.485276042148588882e+00
-1.485075318506802411e+00
-1.675342814983132200e+00
-1.641187747968286592e+00
-1.708620483783625632e+00
-2.676832675202669432e+00
-1.610078870801880946e+00
-1.610078870801880946e+00
-1.610078870801880946e+00
-1.602813466931269470e+00
-1.602813466931269470e+00
-1.610078870801880946e+00
-1.614481253592756183e+00
-1.602813466931269470e+00
-1.610078870801880946e+00
-1.610078870801880946e+00
-1.602813466931269470e+00
-1.602813466931269470e+00
-1.602813466931269470e+00
-1.602813466931269470e+00
-1.610078870801880946e+00
-1.602813466931269470e+00
-1.602813466931269470e+00
-1.614481253592756183e+00
-1.602813466931269470e+00
-1.610078870801880946e+00
-1.602813466931269470e+00
-1.610078870801880946e+00
-1.602813466931269470e+00
-1.614481253592756183e+00
-1.610078870801880946e+00
-1.610078870801880946e+00
-1.602813466931269470e+00
-1.602813466931269470e+00
-1.602813466931269470e+00
-1.602813466931269470e+00
-1.602813466931269470e+00
-1.602813466931269470e+00
-1.602813466931269470e+00
-1.610078870801880946e+00
-1.614481253592756183e+00
-1.614481253592756183e+00
-1.602813466931269470e+00
-1.610078870801880946e+00
-1.602813466931269470e+00
-1.602813466931269470e+00
-1.602813466931269470e+00
-1.602813466931269470e+00
-1.614481253592756183e+00
-1.602813466931269470e+00
-1.602813466931269470e+00
-1.602813466931269470e+00
-1.602813466931269470e+00
-1.602813466931269470e+00
-1.614481253592756183e+00
-1.602813466931269470e+00
-1.602813466931269470e+00
-1.602813466931269470e+00
-1.610078870801880946e+00
-1.602813466931269470e+00
-1.602813466931269470e+00
-1.602813466931269470e+00
-1.602813466931269470e+00
-1.602813466931269470e+00
-1.602813466931269470e+00
-1.602813466931269470e+00
-1.602813466931269470e+00
-1.602813466931269470e+00
-1.614481253592756183e+00
-1.602813466931269470e+00
-1.602813466931269470e+00
-1.610078870801880946e+00
-1.614481253592756183e+00
-1.602813466931269470e+00
-1.602813466931269470e+00
-1.610078870801880946e+00
-1.602813466931269470e+00
-1.614481253592756183e+00
-1.610078870801880946e+00
-1.602813466931269470e+00
-1.602813466931269470e+00
-1.602813466931269470e+00
-1.602813466931269470e+00
-1.602813466931269470e+00
-1.602813466931269470e+00
-1.602813466931269470e+00
-1.602813466931269470e+00
-1.602813466931269470e+00
-1.610078870801880946e+00
-1.610078870801880946e+00
-1.602813466931269470e+00
-1.602813466931269470e+00
-1.614481253592756183e+00
-1.602813466931269470e+00
-1.602813466931269470e+00
-1.602813466931269470e+00
-1.602813466931269470e+00
-1.602813466931269470e+00
-1.614481253592756183e+00
-1.610078870801880946e+00
-1.602813466931269470e+00
-1.602813466931269470e+00
-1.602813466931269470e+00
-1.602813466931269470e+00
-1.602813466931269470e+00
-1.602813466931269470e+00
-1.602813466931269470e+00
-1.602813466931269470e+00
-1.610078870801880946e+00
-1.610078870801880946e+00
-1.602813466931269470e+00
-1.610078870801880946e+00
-1.610078870801880946e+00
-1.614481253592756183e+00
-1.610078870801880946e+00
-1.602813466931269470e+00
-1.602813466931269470e+00
-1.602813466931269470e+00
-1.602813466931269470e+00
-1.610078870801880946e+00
-1.602813466931269470e+00
-1.602813466931269470e+00
-1.602813466931269470e+00
-1.602813466931269470e+00
-1.602813466931269470e+00
-1.602813466931269470e+00
-1.602813466931269470e+00
-1.602813466931269470e+00
-1.602813466931269470e+00
-1.614481253592756183e+00
-1.602813466931269470e+00
-1.602813466931269470e+00
-1.602813466931269470e+00
-1.602813466931269470e+00
-1.610078870801880946e+00
-1.602813466931269470e+00
-1.602813466931269470e+00
-1.614481253592756183e+00
-1.602813466931269470e+00
-1.610078870801880946e+00
-1.602813466931269470e+00
-1.602813466931269470e+00
-1.602813466931269470e+00
-1.602813466931269470e+00
-1.602813466931269470e+00
-1.602813466931269470e+00
-1.602813466931269470e+00
-1.602813466931269470e+00
-1.602813466931269470e+00
-1.602813466931269470e+00
-1.602813466931269470e+00
-1.602813466931269470e+00
-1.602813466931269470e+00
-1.602813466931269470e+00
-1.610078870801880946e+00
-1.602813466931269470e+00
-1.602813466931269470e+00
-1.602813466931269470e+00
-1.602813466931269470e+00
-1.602813466931269470e+00
-1.602813466931269470e+00
-1.610078870801880946e+00
-1.602813466931269470e+00
-1.602813466931269470e+00
-1.602813466931269470e+00
-1.602813466931269470e+00
-1.610078870801880946e+00
-1.602813466931269470e+00
-1.602813466931269470e+00
-1.610078870801880946e+00
-1.602813466931269470e+00
-1.602813466931269470e+00
-1.602813466931269470e+00
-1.602813466931269470e+00
-1.602813466931269470e+00
-1.602813466931269470e+00
-1.602813466931269470e+00
-1.602813466931269470e+00
-1.602813466931269470e+00
-1.602813466931269470e+00
-1.602813466931269470e+00
-1.602813466931269470e+00
-1.602813466931269470e+00
-1.602813466931269470e+00
-1.602813466931269470e+00
-1.602813466931269470e+00
-1.602813466931269470e+00
-1.610078870801880946e+00
-1.610078870801880946e+00
-1.602813466931269470e+00
-1.602813466931269470e+00
-1.602813466931269470e+00
-1.602813466931269470e+00
-1.602813466931269470e+00
-1.602813466931269470e+00
-1.602813466931269470e+00
-1.602813466931269470e+00
-1.602813466931269470e+00
-1.602813466931269470e+00
-1.602813466931269470e+00
-1.602813466931269470e+00
-1.602813466931269470e+00
-1.602813466931269470e+00
-1.602813466931269470e+00
-1.602813466931269470e+00
-1.602813466931269470e+00
-1.602813466931269470e+00
-1.602813466931269470e+00
-1.602813466931269470e+00
-1.602813466931269470e+00
-1.602813466931269470e+00
-1.602813466931269470e+00
-1.602813466931269470e+00
-1.602813466931269470e+00
-1.602813466931269470e+00
-1.602813466931269470e+00
-1.602813466931269470e+00
-1.614481253592756183e+00
-1.602813466931269470e+00
-1.602813466931269470e+00
-1.602813466931269470e+00
-1.602813466931269470e+00
-1.602813466931269470e+00
-1.602813466931269470e+00
-1.602813466931269470e+00
-1.602813466931269470e+00
-1.602813466931269470e+00
-1.602813466931269470e+00
-1.602813466931269470e+00
-1.602813466931269470e+00
-1.602813466931269470e+00
-1.602813466931269470e+00
-1.602813466931269470e+00
-1.602813466931269470e+00
-1.602813466931269470e+00
-1.602813466931269470e+00
-1.602813466931269470e+00
-1.602813466931269470e+00
-1.602813466931269470e+00
-1.602813466931269470e+00
-1.602813466931269470e+00
-1.602813466931269470e+00
-1.602813466931269470e+00
-1.602813466931269470e+00
-1.602813466931269470e+00
-1.602813466931269470e+00
-1.602813466931269470e+00
-1.602813466931269470e+00
-1.602813466931269470e+00
-1.602813466931269470e+00
-1.602813466931269470e+00
-1.602813466931269470e+00
-1.610078870801880946e+00
-1.602813466931269470e+00
-1.602813466931269470e+00
-1.602813466931269470e+00
-1.602813466931269470e+00
-1.602813466931269470e+00
-1.602813466931269470e+00
-1.602813466931269470e+00
-1.602813466931269470e+00
-1.602813466931269470e+00
-1.602813466931269470e+00
-1.602813466931269470e+00
-1.602813466931269470e+00
-1.602813466931269470e+00
-1.602813466931269470e+00
-1.602813466931269470e+00
-1.602813466931269470e+00
-1.602813466931269470e+00
-1.602813466931269470e+00
-1.602813466931269470e+00
-1.602813466931269470e+00
-1.602813466931269470e+00
-1.602813466931269470e+00
-1.602813466931269470e+00
-1.602813466931269470e+00
-1.602813466931269470e+00
-1.602813466931269470e+00
-1.602813466931269470e+00
-1.602813466931269470e+00
-1.602813466931269470e+00
-1.602813466931269470e+00
-1.602813466931269470e+00
-1.602813466931269470e+00
-1.602813466931269470e+00
-1.602813466931269470e+00
-1.602813466931269470e+00
-1.602813466931269470e+00
-1.602813466931269470e+00
-1.602813466931269470e+00
-1.602813466931269470e+00
-1.602813466931269470e+00
-1.602813466931269470e+00
-1.602813466931269470e+00
-1.602813466931269470e+00
-1.602813466931269470e+00
-1.602813466931269470e+00
-1.602813466931269470e+00
-1.602813466931269470e+00
-1.602813466931269470e+00
-1.602813466931269470e+00
-1.602813466931269470e+00
-1.602813466931269470e+00
-1.602813466931269470e+00
-1.602813466931269470e+00
-1.602813466931269470e+00
-1.602813466931269470e+00
-1.610078870801880946e+00
-1.602813466931269470e+00
-1.602813466931269470e+00
-1.602813466931269470e+00
-1.602813466931269470e+00
-1.602813466931269470e+00
-1.602813466931269470e+00
-1.602813466931269470e+00
-1.602813466931269470e+00
-1.602813466931269470e+00
-1.602813466931269470e+00
-1.602813466931269470e+00
-1.602813466931269470e+00
-1.602813466931269470e+00
-1.602813466931269470e+00
-1.610078870801880946e+00
-1.602813466931269470e+00
-1.602813466931269470e+00
-1.602813466931269470e+00
-1.602813466931269470e+00
-1.610078870801880946e+00
-1.602813466931269470e+00
-1.602813466931269470e+00
-1.602813466931269470e+00
-1.602813466931269470e+00
-1.602813466931269470e+00
-1.602813466931269470e+00
-1.602813466931269470e+00
-1.602813466931269470e+00
-1.602813466931269470e+00
-1.602813466931269470e+00
-1.602813466931269470e+00
-1.602813466931269470e+00
-1.602813466931269470e+00
-1.602813466931269470e+00
-1.602813466931269470e+00
-1.602813466931269470e+00
-1.602813466931269470e+00
-1.602813466931269470e+00
-1.602813466931269470e+00
-1.602813466931269470e+00
-1.602813466931269470e+00
-1.602813466931269470e+00
-1.602813466931269470e+00
-1.602813466931269470e+00
-1.602813466931269470e+00
-1.602813466931269470e+00
-1.602813466931269470e+00
-1.602813466931269470e+00
-1.602813466931269470e+00
-1.602813466931269470e+00
-1.602813466931269470e+00
-1.602813466931269470e+00
-1.602813466931269470e+00
-1.602813466931269470e+00
-1.602813466931269470e+00
-1.602813466931269470e+00
-1.602813466931269470e+00
-1.602813466931269470e+00
-1.602813466931269470e+00
-1.602813466931269470e+00
-1.602813466931269470e+00
-1.602813466931269470e+00
-1.602813466931269470e+00
-1.602813466931269470e+00
-1.602813466931269470e+00
-1.602813466931269470e+00
-1.602813466931269470e+00
-1.602813466931269470e+00
-1.602813466931269470e+00
-1.602813466931269470e+00
-1.602813466931269470e+00
-1.602813466931269470e+00
-1.602813466931269470e+00
-1.602813466931269470e+00
-1.602813466931269470e+00
-1.602813466931269470e+00
-1.602813466931269470e+00
-1.602813466931269470e+00
-1.602813466931269470e+00
-1.602813466931269470e+00
-1.602813466931269470e+00
-1.602813466931269470e+00
-1.602813466931269470e+00
-1.602813466931269470e+00
-1.602813466931269470e+00
-1.602813466931269470e+00
-1.602813466931269470e+00
-1.602813466931269470e+00
-1.602813466931269470e+00
-1.602813466931269470e+00
-1.602813466931269470e+00
-1.602813466931269470e+00
-1.602813466931269470e+00
-1.602813466931269470e+00
-1.602813466931269470e+00
-1.602813466931269470e+00
-1.602813466931269470e+00
-1.602813466931269470e+00
-1.602813466931269470e+00
-1.602813466931269470e+00
-1.602813466931269470e+00
-1.602813466931269470e+00
-1.602813466931269470e+00
-1.602813466931269470e+00
-1.602813466931269470e+00
-1.602813466931269470e+00
-1.602813466931269470e+00
-1.602813466931269470e+00
-1.602813466931269470e+00
-1.602813466931269470e+00
-1.602813466931269470e+00
-1.602813466931269470e+00
-1.602813466931269470e+00
-1.602813466931269470e+00
-1.602813466931269470e+00
-1.602813466931269470e+00
-1.602813466931269470e+00
-1.602813466931269470e+00
-1.602813466931269470e+00
-1.602813466931269470e+00
-1.602813466931269470e+00
-1.602813466931269470e+00
-1.602813466931269470e+00
-1.602813466931269470e+00
-1.602813466931269470e+00
-1.602813466931269470e+00
-1.602813466931269470e+00
-1.602813466931269470e+00
-1.602813466931269470e+00
-1.602813466931269470e+00
-1.602813466931269470e+00
-1.602813466931269470e+00
-1.602813466931269470e+00
-1.602813466931269470e+00
-1.602813466931269470e+00
-1.602813466931269470e+00
-1.602813466931269470e+00
-1.602813466931269470e+00
-1.602813466931269470e+00
-1.602813466931269470e+00
-1.602813466931269470e+00
-1.602813466931269470e+00
-1.602813466931269470e+00
-1.602813466931269470e+00
-1.602813466931269470e+00
-1.602813466931269470e+00
-1.602813466931269470e+00
-1.602813466931269470e+00
-1.602813466931269470e+00
-1.602813466931269470e+00
-1.602813466931269470e+00
-1.602813466931269470e+00
-1.602813466931269470e+00
-1.602813466931269470e+00
-1.602813466931269470e+00
-1.602813466931269470e+00
-1.602813466931269470e+00
-1.602813466931269470e+00
-1.602813466931269470e+00
-1.602813466931269470e+00
-1.602813466931269470e+00
-1.602813466931269470e+00
-1.602813466931269470e+00
-1.602813466931269470e+00
-1.602813466931269470e+00
-1.602813466931269470e+00
-1.602813466931269470e+00
-1.602813466931269470e+00
-1.602813466931269470e+00
-1.602813466931269470e+00
-1.602813466931269470e+00
-1.602813466931269470e+00
-1.602813466931269470e+00
-1.602813466931269470e+00
-1.602813466931269470e+00
-1.602813466931269470e+00
-1.602813466931269470e+00
-1.602813466931269470e+00
-1.602813466931269470e+00
-1.602813466931269470e+00
-1.602813466931269470e+00
-1.602813466931269470e+00
-1.602813466931269470e+00
-1.602813466931269470e+00
-1.602813466931269470e+00
-1.602813466931269470e+00
-1.602813466931269470e+00
-1.602813466931269470e+00
-1.602813466931269470e+00
-1.602813466931269470e+00
-1.602813466931269470e+00
-1.602813466931269470e+00
-1.602813466931269470e+00
-1.602813466931269470e+00
-1.602813466931269470e+00
-1.602813466931269470e+00
-1.602813466931269470e+00
-1.602813466931269470e+00
-1.602813466931269470e+00
-1.602813466931269470e+00
-1.602813466931269470e+00
-1.602813466931269470e+00
-1.602813466931269470e+00
-1.602813466931269470e+00
-1.602813466931269470e+00
-1.602813466931269470e+00
-1.602813466931269470e+00
-1.602813466931269470e+00
-1.602813466931269470e+00
-1.602813466931269470e+00
-1.602813466931269470e+00
-1.602813466931269470e+00
-1.602813466931269470e+00
-1.602813466931269470e+00
-1.602813466931269470e+00
-1.602813466931269470e+00
-1.602813466931269470e+00
-1.602813466931269470e+00
-1.602813466931269470e+00
-1.602813466931269470e+00
-1.602813466931269470e+00
-1.602813466931269470e+00
-1.602813466931269470e+00
-1.602813466931269470e+00
-1.602813466931269470e+00
-1.602813466931269470e+00
-1.602813466931269470e+00
-1.602813466931269470e+00
-1.602813466931269470e+00
-1.602813466931269470e+00
-1.602813466931269470e+00
-1.602813466931269470e+00
-1.602813466931269470e+00
