-7.074580645161291370e-01
-5.444346774193548066e-01
-7.486224798387097756e-01
-6.342577620967740915e-01
-6.534414314516125977e-01
-6.158204637096772460e-01
-6.565865927419350934e-01
-6.171511088709676907e-01
-5.552510080645159940e-01
-6.450238911290324673e-01
-3.941779233870968402e-01
-5.533862903225804653e-01
-6.853917338709677454e-01
-5.104073588709677756e-01
-4.734973790322579701e-01
-3.659570564516129165e-01
-4.278571572580645577e-01
-4.942330645161290281e-01
-6.674885080645159841e-01
-3.174341733870967852e-01
-5.355332661290321816e-01
-5.453670362903226820e-01
-5.180283266129031006e-01
-4.470408266129031749e-01
-4.524489919354837686e-01
-3.636940524193548741e-01
-4.617988911290322185e-01
-4.659619959677419598e-01
-5.027863911290322285e-01
-3.793342741935484819e-01
-3.715775201612903644e-01
-3.219099798387096145e-01
-3.918293346774194275e-01
-3.775197580645160977e-01
-3.815972782258064133e-01
-4.511183467741935460e-01
-3.860730846774193536e-01
-3.295309475806451061e-01
-4.094700604838709679e-01
-2.743194556451613031e-01
-3.775197580645160977e-01
-3.789359879032258571e-01
-3.475197580645161821e-01
-3.554534274193547616e-01
-3.564713709677419518e-01
-2.963002016129032135e-01
-2.263306451612903669e-01
-3.299292338709676753e-01
-3.088808467741935848e-01
-3.007760080645161538e-01
-2.922226814516128424e-01
-3.708311491935483706e-01
-2.496420362903225276e-01
-3.057356854838709226e-01
-2.670967741935483808e-01
-2.963857862903226392e-01
-3.205793346774193364e-01
-2.276612903225807005e-01
-2.622226814516129267e-01
-2.963002016129032135e-01
-2.715725806451613211e-01
-1.913709677419354882e-01
-2.433870967741935953e-01
-2.787952620967742434e-01
-3.025905241935484269e-01
-2.518548387096773977e-01
-3.008615927419354685e-01
-3.016581653225806625e-01
-3.240371975806450866e-01
-1.703225806451612867e-01
-3.053373991935484089e-01
-3.115421370967741410e-01
-3.039211693548386495e-01
-2.497276209677419256e-01
-2.142338709677419351e-01
-1.989919354838709520e-01
-2.546017137096773797e-01
-2.321370967741935298e-01
-2.505241935483870641e-01
-2.137499999999999678e-01
-1.976612903225806184e-01
-2.743194556451612476e-01
-1.895564516129032151e-01
-2.263306451612903114e-01
-1.909726814516129190e-01
-2.155645161290322409e-01
-1.716532258064516203e-01
-1.792741935483871119e-01
-1.671774193548387355e-01
-2.231854838709677324e-01
-2.097580645161290502e-01
-1.958467741935484285e-01
-1.913709677419354049e-01
-2.510582661290322593e-01
-1.792741935483871119e-01
-1.474596774193548399e-01
-2.155645161290322409e-01
-2.047983870967741982e-01
-2.066129032258064713e-01
-2.308064516129031962e-01
-1.424999999999999878e-01
-1.595564516129032162e-01
-1.729838709677419262e-01
-2.016532258064515637e-01
-1.443145161290322331e-01
-1.698387096774193195e-01
-1.259274193548386989e-01
-1.685080645161290414e-01
-1.062096774193548310e-01
-1.245967741935483514e-01
-1.958467741935484008e-01
-1.608870967741935498e-01
-1.999242943548386886e-01
-1.703225806451612867e-01
-1.353629032258064080e-01
-1.169758064516128737e-01
-1.595564516129031885e-01
-1.945161290322580394e-01
-1.366935483870967694e-01
-1.681097782258064166e-01
-1.582258064516129104e-01
-1.245967741935483514e-01
-1.716532258064515648e-01
-1.290725806451613056e-01
-1.125000000000000028e-01
-8.201612903225805051e-02
-9.725806451612900583e-02
-1.653629032258064624e-01
-2.079435483870968049e-01
-1.183064516129032073e-01
-1.474596774193548399e-01
-1.093548387096773961e-01
-1.322177419354838290e-01
-1.703225806451612589e-01
-2.003225806451612856e-01
-1.214516129032257863e-01
-1.277419354838709442e-01
-1.353629032258064357e-01
-1.595564516129031885e-01
-1.322177419354838568e-01
-1.290725806451612778e-01
-1.125000000000000028e-01
-1.958467741935483453e-01
-1.487903225806451457e-01
-1.004032258064515987e-01
-1.362952620967741724e-01
-1.138306451612902948e-01
-1.093548387096773961e-01
-1.080241935483870624e-01
-1.093548387096774099e-01
-1.653629032258064901e-01
-1.429838709677419273e-01
-9.278225806451612101e-02
-5.020161290322580627e-02
-1.519354838709677524e-01
-1.201209677419354527e-01
-1.187903225806451329e-01
-1.080241935483870624e-01
-9.907258064516126506e-02
-8.649193548387097696e-02
-1.424999999999999878e-01
-1.093548387096773961e-01
-9.725806451612900583e-02
-1.353629032258064357e-01
-6.096774193548386983e-02
-7.306451612903225312e-02
-1.004032258064515848e-01
-3.810483870967741604e-02
-1.398387096774193483e-01
-8.963709677419354205e-02
-1.093548387096774099e-01
-1.004032258064515848e-01
-6.544354838709677546e-02
-4.572580645161290064e-02
-8.649193548387096309e-02
-8.830645161290320844e-02
-3.495967741935483708e-02
-7.754032258064515182e-02
-1.124999999999999750e-01
-6.096774193548386983e-02
-1.004032258064515987e-01
-7.306451612903225312e-02
-8.068548387096773078e-02
-7.754032258064515182e-02
-7.754032258064515182e-02
-1.017338709677419184e-01
-6.991935483870967416e-02
-8.068548387096773078e-02
-9.725806451612901971e-02
-1.080241935483870624e-01
-5.782258064516129087e-02
-5.467741935483871191e-02
-6.229838709677419650e-02
-7.306451612903225312e-02
-1.080241935483870624e-01
-3.810483870967741604e-02
-6.858870967741935443e-02
-7.754032258064515182e-02
-6.991935483870967416e-02
-6.991935483870967416e-02
-7.620967741935483208e-02
-5.334677419354838523e-02
-8.201612903225805051e-02
-8.963709677419355593e-02
-2.286290322580645032e-02
-7.754032258064516570e-02
-2.286290322580645032e-02
-1.106854838709677435e-01
-6.991935483870967416e-02
-7.306451612903225312e-02
-1.124999999999999889e-01
-7.620967741935483208e-02
-5.782258064516129087e-02
-4.572580645161290064e-02
-8.068548387096773078e-02
-5.020161290322580627e-02
-6.229838709677419650e-02
-5.020161290322580627e-02
-5.467741935483871191e-02
-5.334677419354838523e-02
-5.782258064516129087e-02
-5.782258064516129087e-02
-3.810483870967741604e-02
-1.524193548387096746e-02
-5.915322580645161754e-02
-1.035483870967741638e-01
-3.495967741935483708e-02
-2.286290322580645032e-02
-5.153225806451613294e-02
-3.495967741935483708e-02
-4.572580645161290064e-02
-3.048387096774193492e-02
-7.754032258064515182e-02
-7.620967741935483729e-03
-4.258064516129032168e-02
-5.782258064516129087e-02
-5.020161290322580627e-02
-3.810483870967741604e-02
-6.229838709677419650e-02
-1.524193548387096746e-02
-3.810483870967741604e-02
-7.439516129032257286e-02
-4.572580645161290064e-02
-3.943548387096774271e-02
-3.048387096774193492e-02
-3.810483870967741604e-02
-4.572580645161290064e-02
-3.495967741935483708e-02
-2.286290322580645032e-02
-6.229838709677419650e-02
-3.810483870967741604e-02
-4.258064516129032168e-02
-2.286290322580645032e-02
-4.572580645161290064e-02
-7.620967741935483729e-03
-6.544354838709677546e-02
-6.544354838709677546e-02
-2.733870967741935595e-02
-1.971774193548387136e-02
-5.020161290322580627e-02
-3.810483870967741604e-02
-3.048387096774193492e-02
-2.286290322580645032e-02
-3.810483870967741604e-02
-2.286290322580645032e-02
-3.810483870967741604e-02
-3.048387096774193492e-02
-3.810483870967741604e-02
-3.810483870967741604e-02
-2.286290322580645032e-02
-5.334677419354838523e-02
-4.572580645161290064e-02
-7.754032258064515182e-02
-4.705645161290322731e-02
-5.334677419354838523e-02
-3.810483870967741604e-02
-3.048387096774193492e-02
-5.020161290322580627e-02
-2.286290322580645032e-02
-1.524193548387096746e-02
-1.524193548387096746e-02
-2.286290322580645032e-02
-2.733870967741935595e-02
-3.810483870967741604e-02
-3.048387096774193492e-02
-2.286290322580645032e-02
-1.524193548387096746e-02
-3.495967741935483708e-02
-1.524193548387096746e-02
-1.524193548387096746e-02
-1.524193548387096746e-02
-3.048387096774193492e-02
-7.620967741935483729e-03
-1.524193548387096746e-02
-5.467741935483871191e-02
-2.286290322580645032e-02
-2.733870967741935595e-02
-2.286290322580645032e-02
-1.524193548387096746e-02
-3.048387096774193492e-02
-1.524193548387096746e-02
-1.971774193548387136e-02
-2.286290322580645032e-02
-3.810483870967741604e-02
-2.286290322580645032e-02
-1.524193548387096746e-02
-7.620967741935483729e-03
-1.524193548387096746e-02
-2.286290322580645032e-02
-3.048387096774193492e-02
-7.620967741935483729e-03
-7.620967741935483729e-03
-2.286290322580645032e-02
-2.286290322580645032e-02
-3.810483870967741604e-02
-7.620967741935483729e-03
-2.286290322580645032e-02
-7.620967741935483729e-03
-2.286290322580645032e-02
-2.286290322580645032e-02
-1.524193548387096746e-02
-2.733870967741935595e-02
-7.620967741935483729e-03
-2.733870967741935595e-02
-1.524193548387096746e-02
0.000000000000000000e+00
-2.286290322580645032e-02
-5.020161290322580627e-02
-3.048387096774193492e-02
-1.971774193548387136e-02
-3.048387096774193492e-02
0.000000000000000000e+00
0.000000000000000000e+00
-1.524193548387096746e-02
-3.048387096774193492e-02
-1.971774193548387136e-02
-3.048387096774193492e-02
-7.620967741935483729e-03
-7.620967741935483729e-03
-2.286290322580645032e-02
-2.286290322580645032e-02
-3.048387096774193492e-02
-2.286290322580645032e-02
-3.048387096774193492e-02
-2.286290322580645032e-02
-7.620967741935483729e-03
-7.620967741935483729e-03
-2.286290322580645032e-02
-7.620967741935483729e-03
-2.286290322580645032e-02
0.000000000000000000e+00
-1.971774193548387136e-02
-1.524193548387096746e-02
-3.048387096774193492e-02
0.000000000000000000e+00
-7.620967741935483729e-03
-7.620967741935483729e-03
0.000000000000000000e+00
-1.524193548387096746e-02
0.000000000000000000e+00
-7.620967741935483729e-03
-2.286290322580645032e-02
-7.620967741935483729e-03
-1.524193548387096746e-02
-2.733870967741935595e-02
-7.620967741935483729e-03
-7.620967741935483729e-03
-7.620967741935483729e-03
-1.524193548387096746e-02
-1.524193548387096746e-02
-2.286290322580645032e-02
-7.620967741935483729e-03
-7.620967741935483729e-03
-1.524193548387096746e-02
-7.620967741935483729e-03
0.000000000000000000e+00
0.000000000000000000e+00
-2.286290322580645032e-02
-2.286290322580645032e-02
-7.620967741935483729e-03
-7.620967741935483729e-03
-1.524193548387096746e-02
-7.620967741935483729e-03
0.000000000000000000e+00
-1.524193548387096746e-02
0.000000000000000000e+00
0.000000000000000000e+00
0.000000000000000000e+00
-2.286290322580645032e-02
-7.620967741935483729e-03
0.000000000000000000e+00
-7.620967741935483729e-03
-1.524193548387096746e-02
-7.620967741935483729e-03
-7.620967741935483729e-03
0.000000000000000000e+00
0.000000000000000000e+00
-7.620967741935483729e-03
-7.620967741935483729e-03
-7.620967741935483729e-03
-7.620967741935483729e-03
-7.620967741935483729e-03
0.000000000000000000e+00
0.000000000000000000e+00
0.000000000000000000e+00
-1.524193548387096746e-02
-7.620967741935483729e-03
0.000000000000000000e+00
0.000000000000000000e+00
0.000000000000000000e+00
0.000000000000000000e+00
0.000000000000000000e+00
-1.971774193548387136e-02
0.000000000000000000e+00
0.000000000000000000e+00
0.000000000000000000e+00
0.000000000000000000e+00
-2.286290322580645032e-02
0.000000000000000000e+00
0.000000000000000000e+00
0.000000000000000000e+00
0.000000000000000000e+00
-7.620967741935483729e-03
0.000000000000000000e+00
0.000000000000000000e+00
0.000000000000000000e+00
0.000000000000000000e+00
0.000000000000000000e+00
0.000000000000000000e+00
0.000000000000000000e+00
-1.524193548387096746e-02
0.000000000000000000e+00
0.000000000000000000e+00
0.000000000000000000e+00
0.000000000000000000e+00
0.000000000000000000e+00
0.000000000000000000e+00
0.000000000000000000e+00
0.000000000000000000e+00
-7.620967741935483729e-03
0.000000000000000000e+00
0.000000000000000000e+00
-7.620967741935483729e-03
-7.620967741935483729e-03
-1.524193548387096746e-02
-1.524193548387096746e-02
0.000000000000000000e+00
0.000000000000000000e+00
0.000000000000000000e+00
0.000000000000000000e+00
0.000000000000000000e+00
0.000000000000000000e+00
0.000000000000000000e+00
0.000000000000000000e+00
0.000000000000000000e+00
0.000000000000000000e+00
0.000000000000000000e+00
-1.209677419354838850e-02
-7.620967741935483729e-03
0.000000000000000000e+00
0.000000000000000000e+00
0.000000000000000000e+00
-7.620967741935483729e-03
0.000000000000000000e+00
0.000000000000000000e+00
0.000000000000000000e+00
0.000000000000000000e+00
0.000000000000000000e+00
0.000000000000000000e+00
0.000000000000000000e+00
0.000000000000000000e+00
0.000000000000000000e+00
0.000000000000000000e+00
-7.620967741935483729e-03
0.000000000000000000e+00
-7.620967741935483729e-03
0.000000000000000000e+00
-7.620967741935483729e-03
0.000000000000000000e+00
0.000000000000000000e+00
-7.620967741935483729e-03
0.000000000000000000e+00
0.000000000000000000e+00
0.000000000000000000e+00
0.000000000000000000e+00
0.000000000000000000e+00
-7.620967741935483729e-03
0.000000000000000000e+00
0.000000000000000000e+00
-1.524193548387096746e-02
0.000000000000000000e+00
0.000000000000000000e+00
0.000000000000000000e+00
0.000000000000000000e+00
0.000000000000000000e+00
-7.620967741935483729e-03
0.000000000000000000e+00
0.000000000000000000e+00
-7.620967741935483729e-03
-7.620967741935483729e-03
0.000000000000000000e+00
0.000000000000000000e+00
0.000000000000000000e+00
0.000000000000000000e+00
0.000000000000000000e+00
0.000000000000000000e+00
0.000000000000000000e+00
0.000000000000000000e+00
0.000000000000000000e+00
0.000000000000000000e+00
0.000000000000000000e+00
0.000000000000000000e+00
0.000000000000000000e+00
0.000000000000000000e+00
0.000000000000000000e+00
0.000000000000000000e+00
0.000000000000000000e+00
0.000000000000000000e+00
-7.620967741935483729e-03
0.000000000000000000e+00
0.000000000000000000e+00
0.000000000000000000e+00
0.000000000000000000e+00
0.000000000000000000e+00
0.000000000000000000e+00
0.000000000000000000e+00
0.000000000000000000e+00
0.000000000000000000e+00
0.000000000000000000e+00
0.000000000000000000e+00
0.000000000000000000e+00
0.000000000000000000e+00
-7.620967741935483729e-03
0.000000000000000000e+00
0.000000000000000000e+00
0.000000000000000000e+00
0.000000000000000000e+00
0.000000000000000000e+00
0.000000000000000000e+00
0.000000000000000000e+00
0.000000000000000000e+00
0.000000000000000000e+00
0.000000000000000000e+00
0.000000000000000000e+00
0.000000000000000000e+00
0.000000000000000000e+00
0.000000000000000000e+00
0.000000000000000000e+00
0.000000000000000000e+00
0.000000000000000000e+00
0.000000000000000000e+00
0.000000000000000000e+00
0.000000000000000000e+00
0.000000000000000000e+00
0.000000000000000000e+00
0.000000000000000000e+00
0.000000000000000000e+00
0.000000000000000000e+00
0.000000000000000000e+00
0.000000000000000000e+00
0.000000000000000000e+00
0.000000000000000000e+00
0.000000000000000000e+00
-7.620967741935483729e-03
0.000000000000000000e+00
0.000000000000000000e+00
0.000000000000000000e+00
0.000000000000000000e+00
0.000000000000000000e+00
0.000000000000000000e+00
0.000000000000000000e+00
0.000000000000000000e+00
0.000000000000000000e+00
0.000000000000000000e+00
0.000000000000000000e+00
0.000000000000000000e+00
0.000000000000000000e+00
0.000000000000000000e+00
0.000000000000000000e+00
0.000000000000000000e+00
0.000000000000000000e+00
0.000000000000000000e+00
0.000000000000000000e+00
0.000000000000000000e+00
0.000000000000000000e+00
0.000000000000000000e+00
0.000000000000000000e+00
0.000000000000000000e+00
0.000000000000000000e+00
0.000000000000000000e+00
0.000000000000000000e+00
0.000000000000000000e+00
0.000000000000000000e+00
0.000000000000000000e+00
0.000000000000000000e+00
0.000000000000000000e+00
0.000000000000000000e+00
0.000000000000000000e+00
0.000000000000000000e+00
0.000000000000000000e+00
