-6.817124999999996104e-01
-7.055077620967741270e-01
-5.086784274193548727e-01
-6.095301411290321436e-01
-5.974333669354837673e-01
-6.998370967741935900e-01
-6.692174395161288869e-01
-6.104624999999999080e-01
-4.577213709677419029e-01
-4.825345766129032210e-01
-3.944906249999999837e-01
-6.701497983870968733e-01
-4.870103830645161058e-01
-5.615413306451612074e-01
-4.587393145161290930e-01
-5.731542338709676443e-01
-6.192783266129031627e-01
-5.678316532258063098e-01
-5.180283266129031006e-01
-5.081443548387097886e-01
-5.057101814516128391e-01
-4.963602822580644447e-01
-4.686232862903225160e-01
-4.914861895161290462e-01
-5.022523185483871444e-01
-5.063298387096775155e-01
-4.372070564516128410e-01
-5.139508064516129515e-01
-3.784521169354838621e-01
-4.708360887096774139e-01
-4.479731854838709393e-01
-4.452263104838709018e-01
-3.285985887096775082e-01
-3.748584677419354860e-01
-3.447728830645160891e-01
-3.950246975806451233e-01
-5.636685483870965685e-01
-3.833262096774193162e-01
-3.842083669354838249e-01
-3.609471774193548366e-01
-3.519099798387096412e-01
-3.757908266129032504e-01
-3.116277217741936223e-01
-2.618243951612903020e-01
-2.895613911290322862e-01
-3.200452620967741968e-01
-4.052567540322580264e-01
-2.990470766129031954e-01
-2.681147177419355709e-01
-3.523938508064516362e-01
-2.339516129032258307e-01
-2.546017137096774352e-01
-3.154838709677419417e-01
-3.608113911290322107e-01
-2.878324596774194388e-01
-2.908920362903226198e-01
-2.125049395161291155e-01
-3.910327620967742335e-01
-3.295309475806452171e-01
-2.985130040322580558e-01
-2.981147177419354866e-01
-3.070663306451613117e-01
-3.115421370967741410e-01
-3.474341733870967563e-01
-2.120210685483870927e-01
-2.384274193548387155e-01
-2.608920362903225931e-01
-1.971774193548387344e-01
-2.702419354838709320e-01
-1.985936491935483827e-01
-2.666984879032258116e-01
-2.514565524193548285e-01
-2.918243951612903286e-01
-1.913709677419354882e-01
-2.442338709677418784e-01
-2.657661290322580472e-01
-1.868951612903225479e-01
-1.608870967741935498e-01
-2.366129032258064147e-01
-2.075452620967741801e-01
-2.757356854838709515e-01
-1.868951612903225756e-01
-2.425049395161290589e-01
-1.913709677419354882e-01
-2.308064516129032240e-01
-2.075452620967742356e-01
-1.837500000000000244e-01
-1.747983870967741993e-01
-1.927016129032257663e-01
-2.787952620967741324e-01
-2.352822580645161366e-01
-1.972630040322580491e-01
-1.411693548387097097e-01
-1.671774193548386800e-01
-1.792741935483870841e-01
-2.231854838709677880e-01
-1.716532258064516203e-01
-1.711693548387096808e-01
-2.218548387096774266e-01
-2.362146169354838177e-01
-1.895564516129032151e-01
-2.263306451612903392e-01
-2.366129032258064424e-01
-1.608870967741935221e-01
-1.837499999999999689e-01
-2.124193548387096897e-01
-1.855645161290322975e-01
-1.245967741935483514e-01
-1.864968749999999786e-01
-1.564112903225806095e-01
-1.385080645161290147e-01
-1.277419354838709442e-01
-1.891581653225805904e-01
-1.411693548387096819e-01
-1.779435483870967782e-01
-1.214516129032258002e-01
-1.716532258064516203e-01
-1.366935483870967694e-01
-1.622177419354838557e-01
-1.340322580645161021e-01
-1.550806451612903036e-01
-1.335483870967741904e-01
-1.048790322580645112e-01
-1.456451612903225667e-01
-1.519354838709676969e-01
-1.747983870967741715e-01
-1.048790322580644974e-01
-8.068548387096773078e-02
-1.411693548387096819e-01
-1.685080645161290136e-01
-2.200403225806451812e-01
-1.487903225806451180e-01
-1.277419354838709442e-01
-1.048790322580644835e-01
-1.761290322580645051e-01
-1.456451612903225667e-01
-9.725806451612901971e-02
-1.290725806451612501e-01
-1.201209677419354527e-01
-1.595564516129032440e-01
-1.080241935483870624e-01
-1.201209677419354388e-01
-8.963709677419354205e-02
-1.048790322580645112e-01
-1.443145161290322331e-01
-1.322177419354838568e-01
-1.245967741935483375e-01
-1.017338709677419045e-01
-9.858870967741935332e-02
-1.882258064516129092e-01
-1.398387096774193483e-01
-1.201209677419354527e-01
-1.443145161290322609e-01
-1.290725806451612501e-01
-8.383064516129030974e-02
-1.487903225806451457e-01
-8.649193548387096309e-02
-9.725806451612901971e-02
-7.620967741935483208e-02
-6.991935483870967416e-02
-1.353629032258064080e-01
-9.411290322580644074e-02
-1.169758064516128876e-01
-1.290725806451612501e-01
-1.004032258064515848e-01
-1.048790322580644835e-01
-7.754032258064516570e-02
-1.111693548387096414e-01
-1.474596774193548399e-01
-1.048790322580645112e-01
-6.229838709677419650e-02
-1.080241935483870624e-01
-9.411290322580642687e-02
-1.017338709677419462e-01
-7.306451612903225312e-02
-1.080241935483870763e-01
-1.004032258064515987e-01
-1.245967741935483791e-01
-5.782258064516129087e-02
-1.093548387096774238e-01
-8.068548387096774466e-02
-5.467741935483871191e-02
-6.544354838709677546e-02
-1.156451612903225540e-01
-1.048790322580645112e-01
-1.138306451612903225e-01
-5.334677419354838523e-02
-1.093548387096773961e-01
-8.201612903225805051e-02
-6.096774193548386983e-02
-5.915322580645161754e-02
-8.516129032258062947e-02
-4.572580645161290064e-02
-5.782258064516129087e-02
-9.858870967741933944e-02
-3.048387096774193492e-02
-6.544354838709677546e-02
-7.439516129032257286e-02
-9.411290322580644074e-02
-3.048387096774193492e-02
-4.705645161290322731e-02
-5.020161290322580627e-02
-5.915322580645161754e-02
-5.782258064516129087e-02
-5.020161290322580627e-02
-1.004032258064515987e-01
-3.048387096774193492e-02
-5.782258064516129087e-02
-8.516129032258062947e-02
-6.096774193548386983e-02
-8.068548387096773078e-02
-8.830645161290320844e-02
-6.544354838709677546e-02
-4.705645161290322731e-02
-7.754032258064515182e-02
-9.096774193548386178e-02
-5.782258064516129087e-02
-5.334677419354838523e-02
-5.020161290322580627e-02
-1.004032258064515848e-01
-5.020161290322580627e-02
-5.467741935483871191e-02
-8.830645161290320844e-02
-4.258064516129032168e-02
-3.048387096774193492e-02
-4.258064516129032168e-02
-4.572580645161290064e-02
-5.782258064516129087e-02
-7.306451612903225312e-02
-6.677419354838709520e-02
-7.754032258064516570e-02
-4.258064516129032168e-02
-5.020161290322580627e-02
-6.229838709677419650e-02
-3.810483870967741604e-02
-3.048387096774193492e-02
-3.048387096774193492e-02
-6.858870967741935443e-02
-6.858870967741935443e-02
-1.971774193548387136e-02
-2.286290322580645032e-02
-3.810483870967741604e-02
-2.733870967741935595e-02
-5.467741935483871191e-02
-3.048387096774193492e-02
-4.572580645161290064e-02
-2.419354838709677699e-02
-2.286290322580645032e-02
-3.495967741935483708e-02
-6.544354838709677546e-02
-5.020161290322580627e-02
-2.286290322580645032e-02
-3.810483870967741604e-02
-3.048387096774193492e-02
-5.782258064516129087e-02
-7.620967741935483729e-03
-1.524193548387096746e-02
-2.286290322580645032e-02
-3.048387096774193492e-02
-3.048387096774193492e-02
-3.810483870967741604e-02
-2.286290322580645032e-02
-1.971774193548387136e-02
-5.467741935483871191e-02
-5.020161290322580627e-02
-7.620967741935483729e-03
-3.810483870967741604e-02
-3.495967741935483708e-02
-2.733870967741935595e-02
-7.620967741935483729e-03
-7.620967741935483729e-03
-1.524193548387096746e-02
-7.620967741935483729e-03
-7.620967741935483729e-03
-3.810483870967741604e-02
-2.286290322580645032e-02
-3.810483870967741604e-02
-2.286290322580645032e-02
-1.524193548387096746e-02
-2.286290322580645032e-02
-5.782258064516129087e-02
-1.524193548387096746e-02
-4.572580645161290064e-02
-2.286290322580645032e-02
-3.495967741935483708e-02
-4.258064516129032168e-02
-3.810483870967741604e-02
-3.810483870967741604e-02
-3.048387096774193492e-02
-4.572580645161290064e-02
-5.020161290322580627e-02
-4.572580645161290064e-02
-3.048387096774193492e-02
-1.524193548387096746e-02
-2.419354838709677699e-02
-2.286290322580645032e-02
-1.524193548387096746e-02
-3.048387096774193492e-02
-3.048387096774193492e-02
-5.020161290322580627e-02
-7.620967741935483729e-03
-7.620967741935483729e-03
-3.048387096774193492e-02
-2.286290322580645032e-02
0.000000000000000000e+00
-3.810483870967741604e-02
-1.524193548387096746e-02
-1.524193548387096746e-02
-4.258064516129032168e-02
-7.620967741935483729e-03
-2.733870967741935595e-02
-1.524193548387096746e-02
-2.286290322580645032e-02
-1.524193548387096746e-02
0.000000000000000000e+00
-2.286290322580645032e-02
-2.286290322580645032e-02
-1.524193548387096746e-02
-7.620967741935483729e-03
-1.524193548387096746e-02
-7.620967741935483729e-03
-7.620967741935483729e-03
0.000000000000000000e+00
-1.524193548387096746e-02
-2.286290322580645032e-02
-2.286290322580645032e-02
-1.971774193548387136e-02
-1.524193548387096746e-02
-2.286290322580645032e-02
-7.620967741935483729e-03
-2.286290322580645032e-02
-7.620967741935483729e-03
-2.286290322580645032e-02
-2.286290322580645032e-02
-1.524193548387096746e-02
-1.971774193548387136e-02
-2.286290322580645032e-02
-7.620967741935483729e-03
-7.620967741935483729e-03
0.000000000000000000e+00
-2.286290322580645032e-02
-2.286290322580645032e-02
-7.620967741935483729e-03
0.000000000000000000e+00
0.000000000000000000e+00
-7.620967741935483729e-03
0.000000000000000000e+00
-1.524193548387096746e-02
-3.048387096774193492e-02
0.000000000000000000e+00
-7.620967741935483729e-03
-1.524193548387096746e-02
-1.209677419354838850e-02
0.000000000000000000e+00
0.000000000000000000e+00
-1.524193548387096746e-02
0.000000000000000000e+00
0.000000000000000000e+00
-1.524193548387096746e-02
-1.524193548387096746e-02
-7.620967741935483729e-03
-7.620967741935483729e-03
0.000000000000000000e+00
-1.971774193548387136e-02
0.000000000000000000e+00
0.000000000000000000e+00
-7.620967741935483729e-03
-1.524193548387096746e-02
-3.810483870967741604e-02
-1.524193548387096746e-02
0.000000000000000000e+00
-1.524193548387096746e-02
0.000000000000000000e+00
0.000000000000000000e+00
-7.620967741935483729e-03
0.000000000000000000e+00
-7.620967741935483729e-03
-1.524193548387096746e-02
0.000000000000000000e+00
0.000000000000000000e+00
-3.048387096774193492e-02
-7.620967741935483729e-03
-7.620967741935483729e-03
-1.524193548387096746e-02
0.000000000000000000e+00
0.000000000000000000e+00
0.000000000000000000e+00
-1.524193548387096746e-02
-7.620967741935483729e-03
-7.620967741935483729e-03
0.000000000000000000e+00
0.000000000000000000e+00
0.000000000000000000e+00
-7.620967741935483729e-03
-1.524193548387096746e-02
0.000000000000000000e+00
-7.620967741935483729e-03
-7.620967741935483729e-03
-7.620967741935483729e-03
-7.620967741935483729e-03
-7.620967741935483729e-03
-7.620967741935483729e-03
0.000000000000000000e+00
0.000000000000000000e+00
-1.524193548387096746e-02
0.000000000000000000e+00
0.000000000000000000e+00
-7.620967741935483729e-03
0.000000000000000000e+00
-7.620967741935483729e-03
0.000000000000000000e+00
0.000000000000000000e+00
-3.048387096774193492e-02
-7.620967741935483729e-03
0.000000000000000000e+00
-7.620967741935483729e-03
-1.524193548387096746e-02
0.000000000000000000e+00
0.000000000000000000e+00
-7.620967741935483729e-03
-7.620967741935483729e-03
-1.524193548387096746e-02
-7.620967741935483729e-03
0.000000000000000000e+00
-7.620967741935483729e-03
0.000000000000000000e+00
-7.620967741935483729e-03
0.000000000000000000e+00
-7.620967741935483729e-03
-7.620967741935483729e-03
-7.620967741935483729e-03
-1.524193548387096746e-02
0.000000000000000000e+00
0.000000000000000000e+00
0.000000000000000000e+00
0.000000000000000000e+00
0.000000000000000000e+00
0.000000000000000000e+00
-7.620967741935483729e-03
-7.620967741935483729e-03
0.000000000000000000e+00
0.000000000000000000e+00
-7.620967741935483729e-03
0.000000000000000000e+00
0.000000000000000000e+00
-7.620967741935483729e-03
0.000000000000000000e+00
-1.524193548387096746e-02
0.000000000000000000e+00
0.000000000000000000e+00
0.000000000000000000e+00
0.000000000000000000e+00
0.000000000000000000e+00
-7.620967741935483729e-03
-7.620967741935483729e-03
-7.620967741935483729e-03
0.000000000000000000e+00
0.000000000000000000e+00
-7.620967741935483729e-03
-7.620967741935483729e-03
0.000000000000000000e+00
-7.620967741935483729e-03
0.000000000000000000e+00
-7.620967741935483729e-03
0.000000000000000000e+00
0.000000000000000000e+00
-7.620967741935483729e-03
0.000000000000000000e+00
0.000000000000000000e+00
-7.620967741935483729e-03
0.000000000000000000e+00
-7.620967741935483729e-03
0.000000000000000000e+00
0.000000000000000000e+00
0.000000000000000000e+00
-7.620967741935483729e-03
0.000000000000000000e+00
0.000000000000000000e+00
-7.620967741935483729e-03
0.000000000000000000e+00
0.000000000000000000e+00
0.000000000000000000e+00
0.000000000000000000e+00
0.000000000000000000e+00
0.000000000000000000e+00
0.000000000000000000e+00
0.000000000000000000e+00
-7.620967741935483729e-03
0.000000000000000000e+00
0.000000000000000000e+00
0.000000000000000000e+00
0.000000000000000000e+00
-7.620967741935483729e-03
0.000000000000000000e+00
-7.620967741935483729e-03
0.000000000000000000e+00
-7.620967741935483729e-03
0.000000000000000000e+00
-7.620967741935483729e-03
0.000000000000000000e+00
0.000000000000000000e+00
-7.620967741935483729e-03
0.000000000000000000e+00
-7.620967741935483729e-03
-7.620967741935483729e-03
0.000000000000000000e+00
0.000000000000000000e+00
0.000000000000000000e+00
0.000000000000000000e+00
0.000000000000000000e+00
0.000000000000000000e+00
0.000000000000000000e+00
-7.620967741935483729e-03
0.000000000000000000e+00
0.000000000000000000e+00
0.000000000000000000e+00
0.000000000000000000e+00
0.000000000000000000e+00
0.000000000000000000e+00
0.000000000000000000e+00
0.000000000000000000e+00
0.000000000000000000e+00
0.000000000000000000e+00
0.000000000000000000e+00
0.000000000000000000e+00
0.000000000000000000e+00
-7.620967741935483729e-03
0.000000000000000000e+00
0.000000000000000000e+00
0.000000000000000000e+00
0.000000000000000000e+00
0.000000000000000000e+00
-7.620967741935483729e-03
0.000000000000000000e+00
0.000000000000000000e+00
0.000000000000000000e+00
0.000000000000000000e+00
-7.620967741935483729e-03
0.000000000000000000e+00
-7.620967741935483729e-03
0.000000000000000000e+00
0.000000000000000000e+00
0.000000000000000000e+00
0.000000000000000000e+00
0.000000000000000000e+00
0.000000000000000000e+00
0.000000000000000000e+00
0.000000000000000000e+00
0.000000000000000000e+00
0.000000000000000000e+00
0.000000000000000000e+00
0.000000000000000000e+00
0.000000000000000000e+00
0.000000000000000000e+00
0.000000000000000000e+00
0.000000000000000000e+00
0.000000000000000000e+00
0.000000000000000000e+00
0.000000000000000000e+00
0.000000000000000000e+00
0.000000000000000000e+00
0.000000000000000000e+00
0.000000000000000000e+00
-7.620967741935483729e-03
0.000000000000000000e+00
-7.620967741935483729e-03
0.000000000000000000e+00
0.000000000000000000e+00
0.000000000000000000e+00
0.000000000000000000e+00
0.000000000000000000e+00
0.000000000000000000e+00
0.000000000000000000e+00
0.000000000000000000e+00
0.000000000000000000e+00
0.000000000000000000e+00
0.000000000000000000e+00
0.000000000000000000e+00
0.000000000000000000e+00
0.000000000000000000e+00
0.000000000000000000e+00
0.000000000000000000e+00
0.000000000000000000e+00
0.000000000000000000e+00
0.000000000000000000e+00
0.000000000000000000e+00
0.000000000000000000e+00
0.000000000000000000e+00
0.000000000000000000e+00
0.000000000000000000e+00
0.000000000000000000e+00
0.000000000000000000e+00
0.000000000000000000e+00
0.000000000000000000e+00
0.000000000000000000e+00
0.000000000000000000e+00
0.000000000000000000e+00
0.000000000000000000e+00
0.000000000000000000e+00
0.000000000000000000e+00
