-6.436076612903225413e-01
-5.929575604838709380e-01
-6.158204637096772460e-01
-6.497621975806449068e-01
-5.759866935483870520e-01
-5.256492943548386476e-01
-6.809159274193546940e-01
-5.687640120967741852e-01
-6.853917338709678564e-01
-5.642882056451613559e-01
-3.761891129032258196e-01
-5.184266129032257808e-01
-4.928168346774193243e-01
-5.513092741935484709e-01
-4.299843749999999742e-01
-4.206344758064515799e-01
-5.457653225806450292e-01
-5.812590725806451308e-01
-4.995054435483870514e-01
-5.080587701612903073e-01
-4.672926411290322379e-01
-3.989664314516129240e-01
-5.418235887096773951e-01
-5.439508064516126451e-01
-5.261833669354839538e-01
-4.587895161290322377e-01
-3.402114919354838896e-01
-3.667536290322580550e-01
-4.389359879032257439e-01
-3.896165322580644741e-01
-4.341474798387097156e-01
-3.986537298387097250e-01
-5.570655241935483781e-01
-3.254534274193548460e-01
-3.505291330645161629e-01
-3.667536290322580550e-01
-3.582003024193547991e-01
-4.031295362903225543e-01
-3.706953629032256892e-01
-3.892182459677419604e-01
-3.165018145161290763e-01
-3.340067540322581019e-01
-3.332101814516129079e-01
-3.505793346774193076e-01
-3.578020161290322299e-01
-3.388808467741935004e-01
-3.142890120967741785e-01
-3.344050403225806156e-01
-2.838907258064516381e-01
-2.801259072580644660e-01
-2.545161290322580094e-01
-2.931048387096774621e-01
-2.560179435483871391e-01
-3.174341733870967852e-01
-2.819404233870967946e-01
-3.303275201612903000e-01
-3.115421370967741410e-01
-2.936389112903225462e-01
-3.164162298387097061e-01
-2.496420362903225554e-01
-2.729888104838710250e-01
-1.779435483870968060e-01
-2.415725806451613222e-01
-2.514565524193548285e-01
-2.563306451612903381e-01
-1.792741935483870563e-01
-2.469807459677419159e-01
-2.608920362903225931e-01
-2.622226814516128712e-01
-2.456501008064516101e-01
-2.765824596774193456e-01
-2.456501008064516656e-01
-2.473790322580644852e-01
-3.016581653225806070e-01
-2.460483870967742071e-01
-1.591581653225806192e-01
-2.738355846774192526e-01
-2.532710685483871571e-01
-2.335533266129031782e-01
-1.806048387096773344e-01
-2.397580645161290491e-01
-2.003225806451612301e-01
-2.339516129032257752e-01
-1.945161290322580672e-01
-1.837499999999999689e-01
-1.366935483870967416e-01
-2.272630040322580758e-01
-2.415725806451612945e-01
-2.460483870967742071e-01
-2.034677419354838646e-01
-1.824193548387096353e-01
-2.635533266129032048e-01
-1.196370967741935687e-01
-1.761290322580645051e-01
-1.519354838709677247e-01
-2.155645161290322964e-01
-2.308064516129032240e-01
-1.564112903225806095e-01
-2.218548387096773988e-01
-2.047983870967742259e-01
-1.532661290322580305e-01
-1.913709677419354604e-01
-1.245967741935483791e-01
-2.196420362903225565e-01
-1.290725806451612778e-01
-1.264112903225806106e-01
-2.034677419354838368e-01
-1.882258064516128815e-01
-1.716532258064516481e-01
-1.855645161290322698e-01
-1.487903225806451457e-01
-1.259274193548386989e-01
-2.200403225806451535e-01
-1.353629032258064357e-01
-1.671774193548386800e-01
-1.411693548387096819e-01
-2.155645161290322687e-01
-1.214516129032257724e-01
-1.398387096774193483e-01
-1.277419354838709442e-01
-1.277419354838709442e-01
-1.264112903225806106e-01
-1.671774193548387077e-01
-1.308870967741935232e-01
-1.443145161290322331e-01
-8.830645161290320844e-02
-1.245967741935483653e-01
-1.519354838709677247e-01
-8.963709677419354205e-02
-1.366935483870967694e-01
-1.245967741935483653e-01
-1.443145161290322609e-01
-1.640322580645161288e-01
-6.991935483870967416e-02
-1.824193548387096631e-01
-1.487903225806451180e-01
-1.792741935483870841e-01
-1.685080645161290136e-01
-1.245967741935483791e-01
-1.277419354838709165e-01
-1.366935483870967971e-01
-1.156451612903225401e-01
-1.124999999999999889e-01
-1.550806451612903036e-01
-1.138306451612903086e-01
-1.035483870967741638e-01
-1.398387096774193483e-01
-8.201612903225806439e-02
-1.183064516129032073e-01
-1.138306451612903086e-01
-8.963709677419354205e-02
-1.048790322580644974e-01
-5.020161290322580627e-02
-1.277419354838709442e-01
-8.649193548387096309e-02
-8.963709677419352817e-02
-1.582258064516129104e-01
-8.830645161290320844e-02
-1.322177419354838568e-01
-7.439516129032257286e-02
-1.183064516129032073e-01
-9.592741935483868609e-02
-7.125000000000000777e-02
-8.516129032258062947e-02
-1.232661290322580316e-01
-1.124999999999999889e-01
-1.004032258064515848e-01
-5.467741935483871191e-02
-8.963709677419354205e-02
-1.124999999999999889e-01
-1.245967741935483653e-01
-6.858870967741935443e-02
-4.572580645161290064e-02
-1.093548387096774099e-01
-8.068548387096773078e-02
-6.362903225806451624e-02
-9.278225806451612101e-02
-1.277419354838709442e-01
-7.306451612903225312e-02
-1.385080645161290147e-01
-7.306451612903225312e-02
-8.516129032258062947e-02
-5.020161290322580627e-02
-5.334677419354838523e-02
-6.096774193548386983e-02
-3.943548387096774271e-02
-1.035483870967741776e-01
-8.516129032258062947e-02
-7.754032258064516570e-02
-3.495967741935483708e-02
-5.334677419354838523e-02
-6.544354838709677546e-02
-4.258064516129032168e-02
-6.229838709677419650e-02
-6.544354838709677546e-02
-5.467741935483871191e-02
-6.096774193548386983e-02
-5.020161290322580627e-02
-3.495967741935483708e-02
-7.572580645161290647e-02
-8.201612903225806439e-02
-6.229838709677419650e-02
-5.467741935483871191e-02
-8.963709677419354205e-02
-8.383064516129030974e-02
-6.096774193548386983e-02
-8.068548387096773078e-02
-5.334677419354838523e-02
-5.782258064516129087e-02
-8.068548387096773078e-02
-6.544354838709677546e-02
-6.096774193548386983e-02
-5.334677419354838523e-02
-5.334677419354838523e-02
-7.306451612903225312e-02
-3.810483870967741604e-02
-1.004032258064515987e-01
-4.572580645161290064e-02
-4.705645161290322731e-02
-6.096774193548386983e-02
-4.572580645161290064e-02
-9.411290322580644074e-02
-6.544354838709677546e-02
-4.258064516129032168e-02
-4.572580645161290064e-02
-8.830645161290320844e-02
-7.620967741935483208e-02
-4.258064516129032168e-02
-4.705645161290322731e-02
-3.048387096774193492e-02
-5.020161290322580627e-02
-2.733870967741935595e-02
-4.572580645161290064e-02
-6.991935483870967416e-02
-4.258064516129032168e-02
-9.411290322580642687e-02
-4.258064516129032168e-02
-4.572580645161290064e-02
-2.286290322580645032e-02
-3.048387096774193492e-02
-2.286290322580645032e-02
-3.495967741935483708e-02
-3.810483870967741604e-02
-3.810483870967741604e-02
-2.286290322580645032e-02
-5.020161290322580627e-02
-7.754032258064515182e-02
-4.705645161290322731e-02
-3.810483870967741604e-02
-4.258064516129032168e-02
-6.858870967741935443e-02
-3.048387096774193492e-02
-3.495967741935483708e-02
-3.048387096774193492e-02
-3.810483870967741604e-02
-6.362903225806451624e-02
-3.810483870967741604e-02
-3.048387096774193492e-02
-3.810483870967741604e-02
-3.495967741935483708e-02
-3.048387096774193492e-02
-2.286290322580645032e-02
-3.810483870967741604e-02
-3.495967741935483708e-02
-1.524193548387096746e-02
-3.048387096774193492e-02
-2.286290322580645032e-02
0.000000000000000000e+00
-3.810483870967741604e-02
-4.572580645161290064e-02
-5.334677419354838523e-02
-3.495967741935483708e-02
-3.495967741935483708e-02
-1.971774193548387136e-02
-3.810483870967741604e-02
-3.048387096774193492e-02
-3.495967741935483708e-02
-1.524193548387096746e-02
-2.286290322580645032e-02
-3.048387096774193492e-02
-5.020161290322580627e-02
-5.020161290322580627e-02
-3.495967741935483708e-02
-4.258064516129032168e-02
-3.048387096774193492e-02
-3.495967741935483708e-02
-1.971774193548387136e-02
-7.620967741935483729e-03
-1.971774193548387136e-02
-7.620967741935483729e-03
-2.286290322580645032e-02
-3.048387096774193492e-02
-1.971774193548387136e-02
-3.048387096774193492e-02
-1.971774193548387136e-02
-3.048387096774193492e-02
-2.286290322580645032e-02
-2.286290322580645032e-02
-3.810483870967741604e-02
-3.048387096774193492e-02
-3.048387096774193492e-02
-1.524193548387096746e-02
-4.258064516129032168e-02
-7.620967741935483729e-03
-2.286290322580645032e-02
-2.286290322580645032e-02
-2.286290322580645032e-02
-3.048387096774193492e-02
-4.705645161290322731e-02
-3.048387096774193492e-02
-2.286290322580645032e-02
-4.572580645161290064e-02
-7.620967741935483729e-03
-2.286290322580645032e-02
-1.524193548387096746e-02
-1.524193548387096746e-02
-3.810483870967741604e-02
-3.048387096774193492e-02
-2.286290322580645032e-02
-3.048387096774193492e-02
-1.524193548387096746e-02
-7.620967741935483729e-03
0.000000000000000000e+00
-7.620967741935483729e-03
0.000000000000000000e+00
-3.048387096774193492e-02
-7.620967741935483729e-03
-7.620967741935483729e-03
-1.524193548387096746e-02
-2.286290322580645032e-02
-7.620967741935483729e-03
-1.524193548387096746e-02
-7.620967741935483729e-03
-7.620967741935483729e-03
0.000000000000000000e+00
-7.620967741935483729e-03
0.000000000000000000e+00
-7.620967741935483729e-03
-7.620967741935483729e-03
0.000000000000000000e+00
-2.286290322580645032e-02
0.000000000000000000e+00
0.000000000000000000e+00
0.000000000000000000e+00
-1.524193548387096746e-02
-7.620967741935483729e-03
-2.286290322580645032e-02
-7.620967741935483729e-03
-1.524193548387096746e-02
-1.524193548387096746e-02
-1.524193548387096746e-02
-2.286290322580645032e-02
-1.524193548387096746e-02
0.000000000000000000e+00
-3.048387096774193492e-02
-7.620967741935483729e-03
-7.620967741935483729e-03
-2.286290322580645032e-02
-7.620967741935483729e-03
-7.620967741935483729e-03
-3.048387096774193492e-02
-1.524193548387096746e-02
-1.209677419354838850e-02
-2.286290322580645032e-02
0.000000000000000000e+00
-7.620967741935483729e-03
-7.620967741935483729e-03
0.000000000000000000e+00
-7.620967741935483729e-03
-7.620967741935483729e-03
-1.524193548387096746e-02
-1.524193548387096746e-02
0.000000000000000000e+00
-1.209677419354838850e-02
-1.524193548387096746e-02
-1.524193548387096746e-02
0.000000000000000000e+00
-3.495967741935483708e-02
-7.620967741935483729e-03
0.000000000000000000e+00
-1.524193548387096746e-02
-7.620967741935483729e-03
-7.620967741935483729e-03
-2.286290322580645032e-02
-2.286290322580645032e-02
0.000000000000000000e+00
0.000000000000000000e+00
-7.620967741935483729e-03
-3.048387096774193492e-02
0.000000000000000000e+00
0.000000000000000000e+00
-7.620967741935483729e-03
-7.620967741935483729e-03
0.000000000000000000e+00
0.000000000000000000e+00
-7.620967741935483729e-03
-7.620967741935483729e-03
0.000000000000000000e+00
-7.620967741935483729e-03
-7.620967741935483729e-03
-3.048387096774193492e-02
-7.620967741935483729e-03
-1.524193548387096746e-02
0.000000000000000000e+00
0.000000000000000000e+00
0.000000000000000000e+00
0.000000000000000000e+00
-7.620967741935483729e-03
0.000000000000000000e+00
0.000000000000000000e+00
-7.620967741935483729e-03
0.000000000000000000e+00
0.000000000000000000e+00
0.000000000000000000e+00
-7.620967741935483729e-03
0.000000000000000000e+00
0.000000000000000000e+00
-7.620967741935483729e-03
-7.620967741935483729e-03
0.000000000000000000e+00
-7.620967741935483729e-03
-7.620967741935483729e-03
0.000000000000000000e+00
-7.620967741935483729e-03
0.000000000000000000e+00
-7.620967741935483729e-03
0.000000000000000000e+00
0.000000000000000000e+00
0.000000000000000000e+00
0.000000000000000000e+00
0.000000000000000000e+00
0.000000000000000000e+00
-7.620967741935483729e-03
0.000000000000000000e+00
0.000000000000000000e+00
0.000000000000000000e+00
0.000000000000000000e+00
0.000000000000000000e+00
-7.620967741935483729e-03
-1.524193548387096746e-02
0.000000000000000000e+00
0.000000000000000000e+00
-7.620967741935483729e-03
-7.620967741935483729e-03
0.000000000000000000e+00
0.000000000000000000e+00
-7.620967741935483729e-03
0.000000000000000000e+00
0.000000000000000000e+00
0.000000000000000000e+00
0.000000000000000000e+00
0.000000000000000000e+00
0.000000000000000000e+00
0.000000000000000000e+00
0.000000000000000000e+00
0.000000000000000000e+00
0.000000000000000000e+00
-7.620967741935483729e-03
-7.620967741935483729e-03
0.000000000000000000e+00
-7.620967741935483729e-03
0.000000000000000000e+00
-7.620967741935483729e-03
-7.620967741935483729e-03
0.000000000000000000e+00
0.000000000000000000e+00
0.000000000000000000e+00
0.000000000000000000e+00
-7.620967741935483729e-03
0.000000000000000000e+00
0.000000000000000000e+00
-7.620967741935483729e-03
-7.620967741935483729e-03
0.000000000000000000e+00
-1.524193548387096746e-02
0.000000000000000000e+00
0.000000000000000000e+00
0.000000000000000000e+00
0.000000000000000000e+00
0.000000000000000000e+00
0.000000000000000000e+00
-7.620967741935483729e-03
0.000000000000000000e+00
-7.620967741935483729e-03
0.000000000000000000e+00
-7.620967741935483729e-03
-7.620967741935483729e-03
-7.620967741935483729e-03
0.000000000000000000e+00
-7.620967741935483729e-03
-7.620967741935483729e-03
0.000000000000000000e+00
0.000000000000000000e+00
0.000000000000000000e+00
0.000000000000000000e+00
-7.620967741935483729e-03
-7.620967741935483729e-03
0.000000000000000000e+00
0.000000000000000000e+00
0.000000000000000000e+00
0.000000000000000000e+00
-7.620967741935483729e-03
-7.620967741935483729e-03
0.000000000000000000e+00
-7.620967741935483729e-03
0.000000000000000000e+00
0.000000000000000000e+00
0.000000000000000000e+00
-7.620967741935483729e-03
0.000000000000000000e+00
-7.620967741935483729e-03
0.000000000000000000e+00
-7.620967741935483729e-03
-7.620967741935483729e-03
0.000000000000000000e+00
0.000000000000000000e+00
0.000000000000000000e+00
-7.620967741935483729e-03
0.000000000000000000e+00
0.000000000000000000e+00
-7.620967741935483729e-03
0.000000000000000000e+00
0.000000000000000000e+00
0.000000000000000000e+00
0.000000000000000000e+00
0.000000000000000000e+00
0.000000000000000000e+00
0.000000000000000000e+00
0.000000000000000000e+00
0.000000000000000000e+00
0.000000000000000000e+00
-7.620967741935483729e-03
0.000000000000000000e+00
0.000000000000000000e+00
0.000000000000000000e+00
0.000000000000000000e+00
0.000000000000000000e+00
0.000000000000000000e+00
0.000000000000000000e+00
-7.620967741935483729e-03
0.000000000000000000e+00
0.000000000000000000e+00
0.000000000000000000e+00
0.000000000000000000e+00
0.000000000000000000e+00
0.000000000000000000e+00
0.000000000000000000e+00
0.000000000000000000e+00
0.000000000000000000e+00
0.000000000000000000e+00
0.000000000000000000e+00
0.000000000000000000e+00
0.000000000000000000e+00
0.000000000000000000e+00
0.000000000000000000e+00
0.000000000000000000e+00
0.000000000000000000e+00
0.000000000000000000e+00
0.000000000000000000e+00
0.000000000000000000e+00
0.000000000000000000e+00
0.000000000000000000e+00
-7.620967741935483729e-03
0.000000000000000000e+00
0.000000000000000000e+00
0.000000000000000000e+00
0.000000000000000000e+00
0.000000000000000000e+00
0.000000000000000000e+00
0.000000000000000000e+00
0.000000000000000000e+00
0.000000000000000000e+00
0.000000000000000000e+00
0.000000000000000000e+00
0.000000000000000000e+00
0.000000000000000000e+00
0.000000000000000000e+00
0.000000000000000000e+00
0.000000000000000000e+00
0.000000000000000000e+00
0.000000000000000000e+00
0.000000000000000000e+00
0.000000000000000000e+00
0.000000000000000000e+00
0.000000000000000000e+00
0.000000000000000000e+00
0.000000000000000000e+00
0.000000000000000000e+00
0.000000000000000000e+00
0.000000000000000000e+00
0.000000000000000000e+00
0.000000000000000000e+00
0.000000000000000000e+00
0.000000000000000000e+00
0.000000000000000000e+00
0.000000000000000000e+00
-7.620967741935483729e-03
0.000000000000000000e+00
0.000000000000000000e+00
0.000000000000000000e+00
