-1.948319809761777766e+00
-2.277012847362290593e+00
-2.510466157193825598e+00
-1.975327625047349045e+00
-2.467143517959151211e+00
-2.009328233577559963e+00
-2.267095947573316117e+00
-5.774560906014420958e-01
-2.173322185297861697e+00
-2.251677429706121725e+00
-5.559926626938322958e-01
-1.886492077458890249e+00
-1.974058953686060214e+00
-1.001813263246192243e+00
-2.173680447703504104e+00
-2.942847235049794286e+00
-1.953216240087787492e+00
-2.227365673646250155e+00
-1.930973314344280878e+00
-1.430352996679958633e+00
-1.715938380942137798e+00
-3.094667683798189017e+00
-1.015516376772348961e+00
-2.223738711975301818e+00
-9.190546442700894270e-01
-1.688499345231788240e+00
-1.641413223824086609e+00
-9.459282698734440276e-01
-1.802229081087384444e+00
-2.007474895135925141e+00
-1.348821529330618052e+00
-2.125014474090840988e+00
-8.247516562546547414e-01
-1.326564547151146689e+00
-2.224126656040572581e+00
-1.950539784744523830e+00
-4.150306679147477973e-01
-5.038122915865165252e-01
-1.619232134615104846e+00
-2.043348333709937847e+00
-1.933873595408058144e+00
-1.374197464536737190e+00
-2.140351592046878970e+00
-2.387452145582747765e+00
-1.640991791474658346e+00
-2.110312869203585073e+00
-3.117410210475060062e+00
-1.605076574595827310e+00
-1.614620569501564518e+00
-1.610087854750506864e+00
-1.614545846312947619e+00
-1.602533638380198244e+00
-1.602467931195923567e+00
-1.602966127355007542e+00
-1.614498054864281551e+00
-1.604593923989044990e+00
-1.602421771766237457e+00
-1.610032140841487713e+00
-1.605775453504549644e+00
-1.614465936626449771e+00
-1.610581329129211481e+00
-1.602824697465719428e+00
-1.604793307277220693e+00
-1.602757817606457413e+00
-1.610295567827885188e+00
-1.603067934662626648e+00
-1.610092433059606698e+00
-1.614681427470857189e+00
-1.602431526785688121e+00
-1.602543353868716380e+00
-1.614458933422646680e+00
-1.610354410666127389e+00
-1.614488352870648624e+00
-1.604789476069689691e+00
-1.602440029201247951e+00
-1.602541919780798851e+00
-1.609961649375674098e+00
-1.602535144262201783e+00
-1.609947922885860194e+00
-1.614583036873833866e+00
-1.604397848861030873e+00
-1.604719317826730052e+00
-1.614506229638031032e+00
-1.610232642254072477e+00
-1.610179757101122489e+00
-1.604528066721399471e+00
-1.603071117744877538e+00
-1.602709904802300134e+00
-1.604612310768249950e+00
-1.602610443531736539e+00
-1.604406612554142075e+00
-1.602547131481406373e+00
-1.614461389025612981e+00
-1.602411893679297483e+00
-1.605301459490730220e+00
-1.614515601521878674e+00
-1.610086086868836919e+00
-1.604797640413091475e+00
-1.603568871962522069e+00
-1.603132279614914335e+00
-1.610039324174452169e+00
-1.605225127748719061e+00
-1.604950449560345715e+00
-1.605256733685534565e+00
-1.602537736054652440e+00
-1.603028902641334241e+00
-1.603410466908802734e+00
-1.610199076721650524e+00
-1.605680955611740623e+00
-1.614639763568838315e+00
-1.603632186482062183e+00
-1.602364810837066278e+00
-1.610208246723157544e+00
-1.614632653725429634e+00
-1.610061075456878266e+00
-1.610076157950531606e+00
-1.614426081860067974e+00
-1.610144342582907617e+00
-1.610071597638175867e+00
-1.602580814842110790e+00
-1.604013609592090717e+00
-1.604360549905440081e+00
-1.605221180418034521e+00
-1.603035374185111772e+00
-1.602428188885374194e+00
-1.610119765887564336e+00
-1.602576382113940046e+00
-1.609963393731314030e+00
-1.604943017861492072e+00
-1.602853055093188761e+00
-1.610244450800075722e+00
-1.603170658185693709e+00
-1.602406000049096502e+00
-1.605310501791709976e+00
-1.602435388981612308e+00
-1.603184569900311107e+00
-1.602763649912348987e+00
-1.605133011366523421e+00
-1.605253833446631084e+00
-1.614445831164748268e+00
-1.603120615624052725e+00
-1.609959176132918612e+00
-1.604793489407752460e+00
-1.602532664827298170e+00
-1.603406798780771414e+00
-1.602775076877658966e+00
-1.603000518745424818e+00
-1.610382973062175482e+00
-1.602946912425796455e+00
-1.602377342572193886e+00
-1.602511129703349635e+00
-1.603365620921123780e+00
-1.602414903255330314e+00
-1.605403597224863921e+00
-1.610077360665231216e+00
-1.602370323073369018e+00
-1.605541434033271875e+00
-1.604931138252534861e+00
-1.605073570159182506e+00
-1.603460293347582111e+00
-1.603131561919911574e+00
-1.604336652765196547e+00
-1.602388846327478245e+00
-1.602454059723571023e+00
-1.614508611166148633e+00
-1.603954000904002086e+00
-1.602505840293321882e+00
-1.602456279223189117e+00
-1.610120309394502680e+00
-1.606203916744885385e+00
-1.604001702308019750e+00
-1.602482267627471257e+00
-1.605279988279062042e+00
-1.604764455391885614e+00
-1.603543981385387784e+00
-1.610462393124648450e+00
-1.603546363647875284e+00
-1.602630529602482534e+00
-1.602359609811077723e+00
-1.602367374742273975e+00
-1.602451295461984948e+00
-1.603301866899637940e+00
-1.603136354610262604e+00
-1.603224214746404863e+00
-1.606116453478233952e+00
-1.602571935121499092e+00
-1.602421126112640204e+00
-1.603006703717284598e+00
-1.610060667294823888e+00
-1.602591526378296605e+00
-1.604804558709772788e+00
-1.604140737167177866e+00
-1.602574937079626949e+00
-1.602850408435823049e+00
-1.603671660455177950e+00
-1.602912792284300281e+00
-1.602428297213005282e+00
-1.602403150851178903e+00
-1.610402090174585688e+00
-1.602734590440682449e+00
-1.602873905632810070e+00
-1.604671192867164864e+00
-1.602522849765657176e+00
-1.610184440417515628e+00
-1.602632529020473928e+00
-1.603163327288059881e+00
-1.602750120985851234e+00
-1.604947152084436945e+00
-1.603687342373429026e+00
-1.602480656698563655e+00
-1.604737209207332205e+00
-1.602440617794972821e+00
-1.605172114851772358e+00
-1.602459006379512996e+00
-1.602369814508905144e+00
-1.603892894783860212e+00
-1.610534013560730893e+00
-1.603156230062539267e+00
-1.604692914779142665e+00
-1.602432046772582330e+00
-1.602697479473520925e+00
-1.602925324400531926e+00
-1.602396129218456533e+00
-1.602841716402127803e+00
-1.602512394532900286e+00
-1.602448464353974034e+00
-1.602760388142270953e+00
-1.610017923012764252e+00
-1.602429689299103233e+00
-1.610643461468559634e+00
-1.602374361380516588e+00
-1.603672327201695058e+00
-1.602631607418756987e+00
-1.603066991403380603e+00
-1.602585620184949988e+00
-1.602975407659575469e+00
-1.603240142216414421e+00
-1.602920900699149609e+00
-1.610277242830167044e+00
-1.602374789966590551e+00
-1.602439903593374515e+00
-1.602377535992733026e+00
-1.606059769565253204e+00
-1.603051080559203312e+00
-1.602822072903169026e+00
-1.602439365735080834e+00
-1.602651401758021787e+00
-1.602631062516214788e+00
-1.604919024228731006e+00
-1.602466041472165426e+00
-1.602457927878669253e+00
-1.602438024346639178e+00
-1.604204133952438438e+00
-1.604567471502915676e+00
-1.602558190670356320e+00
-1.603078986082086210e+00
-1.603957427424101079e+00
-1.602390463850400071e+00
-1.603291581491949724e+00
-1.602842057320295721e+00
-1.604112295837968549e+00
-1.603935371037550572e+00
-1.605934988069318781e+00
-1.603268652974934705e+00
-1.602365754685778132e+00
-1.610126508914579091e+00
-1.603303229385898865e+00
-1.602385628483086855e+00
-1.605257324675108954e+00
-1.609952365756983417e+00
-1.605750145134821505e+00
-1.602383151957338825e+00
-1.603213886605243665e+00
-1.603406464176441393e+00
-1.602563357365368590e+00
-1.610142655481258123e+00
-1.605013286786239446e+00
-1.602411669269749650e+00
-1.603034768118737574e+00
-1.602524556838172076e+00
-1.603826467694788871e+00
-1.602414972730491716e+00
-1.602698437068092785e+00
-1.602476600849644495e+00
-1.602420704653642725e+00
-1.610111735671492239e+00
-1.610123279368469440e+00
-1.602405476349686442e+00
-1.605984867250704662e+00
-1.602378028349534134e+00
-1.604202975893077809e+00
-1.605061979596610344e+00
-1.603184784368183902e+00
-1.604080795940654447e+00
-1.603738054640661659e+00
-1.603286319831199291e+00
-1.602763801157810919e+00
-1.606446733216458256e+00
-1.602367382757957870e+00
-1.605932867061608427e+00
-1.604533435531530827e+00
-1.602423569457319452e+00
-1.602931957467822244e+00
-1.604926753308860476e+00
-1.602657357379724923e+00
-1.602553086381279801e+00
-1.602411471797528852e+00
-1.602535088851423817e+00
-1.603346009008871587e+00
-1.603225171875213739e+00
-1.602588792752290159e+00
-1.605175617077157391e+00
-1.602721752125267241e+00
-1.602403548782332932e+00
-1.605321049306571490e+00
-1.606058952317767963e+00
-1.606200109945533194e+00
-1.602367806269687112e+00
-1.603464876762241698e+00
-1.602430158234206203e+00
-1.602652422320410164e+00
-1.602438036805098331e+00
-1.603502381189512160e+00
-1.602695198220578598e+00
-1.602408302153927933e+00
-1.610208919668567384e+00
-1.602574088172014299e+00
-1.604057969329300892e+00
-1.602602457996344709e+00
-1.602516453548159969e+00
-1.605155227487437219e+00
-1.602532972354001828e+00
-1.604220078249915638e+00
-1.602841768159321223e+00
-1.603201434131978687e+00
-1.604205311314946369e+00
-1.606142313742543903e+00
-1.602416548662164653e+00
-1.602807597124446204e+00
-1.604773301492007365e+00
-1.605168144443534395e+00
-1.602527783998406008e+00
-1.602568435935455060e+00
-1.603854937378839107e+00
-1.602359944017877957e+00
-1.606199196679135355e+00
-1.603363374047326317e+00
-1.606170989373369329e+00
-1.605790760707849207e+00
-1.603757608779897481e+00
-1.602816494778286804e+00
-1.603910248908580805e+00
-1.604404759721807849e+00
-1.603038897204349889e+00
-1.604250445938509184e+00
-1.603869428227741700e+00
-1.605529782149102802e+00
-1.602594771463837775e+00
-1.604019716312136801e+00
-1.605851326575413740e+00
-1.602576832907459004e+00
-1.614556713088567408e+00
-1.606276798525952731e+00
-1.602461605947043122e+00
-1.602523546991157843e+00
-1.602633117925587269e+00
-1.602535235381743250e+00
-1.602677344154337602e+00
-1.603338909280663582e+00
-1.602515951168315134e+00
-1.604965244506627142e+00
-1.604034749076065802e+00
-1.605803109264080986e+00
-1.602587170393744209e+00
-1.603002652342515821e+00
-1.602981231777610649e+00
-1.602434565205523853e+00
-1.602371048342000392e+00
-1.602472279577107805e+00
-1.602422316462324581e+00
-1.602396059695976760e+00
-1.604161554035808068e+00
-1.604169901686080202e+00
-1.604406039443130094e+00
-1.602589531046228810e+00
-1.602434254600790142e+00
-1.602469962698679362e+00
-1.603900748671327481e+00
-1.605276849349341894e+00
-1.603099607408049465e+00
-1.603337215529455184e+00
-1.603503835231487207e+00
-1.602586797020161047e+00
-1.602873972867501218e+00
-1.602905644121145112e+00
-1.602652357592743382e+00
-1.610385553520385926e+00
-1.604692071622304761e+00
-1.605847054135283614e+00
-1.602964277603911691e+00
-1.606057544689229566e+00
-1.604396586738803920e+00
-1.602385668044334022e+00
-1.602895345184400577e+00
-1.602373698279202285e+00
-1.602433382539217854e+00
-1.602458393343377807e+00
-1.602959582942278915e+00
-1.602498669276770871e+00
-1.602440385119697774e+00
-1.602462594294886689e+00
-1.602450396531287513e+00
-1.604362904912535415e+00
-1.602886428531391294e+00
-1.604211966046092064e+00
-1.603156449225747959e+00
-1.604820391159407000e+00
-1.602455497906962956e+00
-1.603463534887379360e+00
-1.605450120586696006e+00
-1.602611724665680137e+00
-1.602739890322552707e+00
-1.603001995252485434e+00
-1.603173823061101455e+00
-1.602666707734693441e+00
-1.602390979239182167e+00
-1.604299736716378932e+00
-1.603553206946361165e+00
-1.602999447695739654e+00
-1.605301640368388183e+00
-1.605929911250436604e+00
-1.602368702286479873e+00
-1.604145650503822296e+00
-1.602386571463321863e+00
-1.603074733657812168e+00
-1.602533011382190953e+00
-1.602365303350192560e+00
-1.602555231167155370e+00
-1.604291733306329348e+00
-1.602374332350042563e+00
-1.603814650592487290e+00
-1.605415087145616093e+00
-1.602658300283635873e+00
-1.602360925464673125e+00
-1.602506524131252386e+00
-1.603868767319941657e+00
-1.603538889974868153e+00
-1.602809751467868304e+00
-1.602406036221411645e+00
-1.605830311430279433e+00
-1.602822086806155122e+00
-1.602771194582941705e+00
-1.602668393747439968e+00
-1.603282586405186283e+00
-1.602601356966415258e+00
-1.604343471035571733e+00
-1.606205551246917773e+00
-1.606443281065308204e+00
-1.602382944248322838e+00
-1.602867702859609444e+00
-1.602375601482749934e+00
-1.602510728740639490e+00
-1.603174772480234100e+00
-1.602360854960650505e+00
-1.602757291763460046e+00
-1.602471384035696556e+00
-1.604367187925295424e+00
-1.605053478042479220e+00
-1.603107024701890815e+00
-1.602637188398143619e+00
-1.602505357018384258e+00
-1.604893223153514903e+00
-1.603741569057014260e+00
-1.606375132724815691e+00
-1.602812797764214370e+00
-1.602738913182630176e+00
-1.605148214510742299e+00
-1.603413670369062238e+00
-1.603245810952017125e+00
-1.605753561833215270e+00
-1.602389259097181107e+00
-1.604356698779052737e+00
-1.605267728958883700e+00
-1.602571533604037146e+00
-1.602730364080982461e+00
-1.602580424277656901e+00
-1.602596832987774222e+00
-1.603393827726364185e+00
-1.604760487436192040e+00
-1.605032178731877535e+00
-1.603127342810608980e+00
-1.603251980176954028e+00
-1.605626779883957411e+00
-1.603718086824667877e+00
-1.602532248642897006e+00
-1.603919863263350898e+00
-1.603702339459811776e+00
-1.603038621847577838e+00
-1.604985832889937347e+00
-1.604131475056849832e+00
-1.602662225162293508e+00
-1.602551164204867318e+00
-1.602362124466833126e+00
-1.602578298426648784e+00
-1.602772473961208144e+00
-1.602866962011633367e+00
-1.602428407479996597e+00
-1.603287599864620327e+00
-1.602542409957414149e+00
-1.602681759280006002e+00
-1.602443810557862891e+00
-1.605281411752952803e+00
-1.603973279951046660e+00
-1.605726447431978343e+00
-1.603589599566286550e+00
-1.603346114430195479e+00
-1.605631263046198409e+00
-1.602453446455468722e+00
-1.602401024720998990e+00
-1.602379551613900999e+00
-1.602522063498489580e+00
-1.604128713699221276e+00
-1.602371727351750375e+00
-1.602900424817286451e+00
-1.602646455763383493e+00
-1.603822828799375211e+00
-1.604105635505859162e+00
-1.603619119294283468e+00
-1.602801192122204288e+00
-1.602720625563309298e+00
-1.603487376611121729e+00
-1.604711996105017580e+00
-1.604130172368273266e+00
-1.602430716063621308e+00
-1.603272445141876723e+00
-1.603195028901883479e+00
-1.602486815089198657e+00
-1.604471980505410178e+00
-1.602397997248764971e+00
-1.603517462837667162e+00
-1.605111984477484599e+00
-1.602857990128775612e+00
-1.604099406709731834e+00
-1.603224589465789052e+00
-1.603259436463051690e+00
-1.602436539115957848e+00
-1.602547070568772103e+00
-1.604613081077471248e+00
-1.602403279536431135e+00
-1.603145304674648441e+00
-1.602670580004648349e+00
-1.602615544473951381e+00
-1.602426370801025124e+00
-1.602495887412043629e+00
-1.606321817701705790e+00
-1.606479695200194291e+00
-1.602628960240889189e+00
-1.603309417911713330e+00
-1.603000519752940667e+00
-1.603428585343348756e+00
-1.605984511685859761e+00
-1.604330301249037971e+00
-1.602724443601215132e+00
-1.606204011450456548e+00
-1.603188033834728854e+00
-1.603227643172990602e+00
-1.603091621896364671e+00
-1.603534505900139351e+00
-1.604424041304326032e+00
-1.604548837613562817e+00
-1.605206302874987445e+00
-1.604830228891574562e+00
-1.603509171436930059e+00
-1.603141566644313620e+00
-1.603858502032163846e+00
-1.602567330879425045e+00
-1.602908955650731437e+00
-1.602400568932166980e+00
-1.602370127587844584e+00
-1.602814906772952908e+00
-1.603010618425883660e+00
-1.603435737874462585e+00
-1.604645515243583453e+00
-1.602699143238483392e+00
-1.604156043533918607e+00
-1.602502723170720511e+00
-1.603387094296839122e+00
-1.602532511071739441e+00
-1.602461388517914198e+00
-1.602517431818953231e+00
-1.602470204206510429e+00
-1.602739473458474118e+00
-1.602467515469940373e+00
-1.602873764052232142e+00
-1.605103002280902968e+00
-1.602377139840832410e+00
-1.605996904157746208e+00
-1.604222940148312349e+00
-1.602442030814882123e+00
-1.602537303821557124e+00
