-6.440915322580643698e-01
-7.622712701612904818e-01
-5.771815524193548708e-01
-5.489104838709676359e-01
-5.929575604838709380e-01
-6.337236895161290073e-01
-5.309216733870967264e-01
-5.214861895161287952e-01
-5.443490927419355474e-01
-4.511183467741936015e-01
-5.591927419354836282e-01
-5.342026209677419590e-01
-6.776349798387097945e-01
-5.888800403225806779e-01
-5.215717741935483875e-01
-4.587393145161290375e-01
-5.063298387096774045e-01
-3.995860887096774339e-01
-6.100642137096774498e-01
-4.614006048387096492e-01
-3.913454637096773769e-01
-4.672926411290322379e-01
-4.323329637096773870e-01
-3.864713709677419229e-01
-4.290520161290322099e-01
-3.232406250000000036e-01
-4.425650201612903456e-01
-4.735829637096774514e-01
-4.569247983870967644e-01
-4.394198588709677389e-01
-3.497827620967742246e-01
-3.856747983870967844e-01
-3.388808467741935004e-01
-3.716277217741935091e-01
-4.241779233870967558e-01
-3.882858870967742515e-01
-3.927616935483871363e-01
-3.855390120967741585e-01
-3.712294354838709398e-01
-4.662746975806451033e-01
-3.505793346774193631e-01
-2.787952620967742434e-01
-3.150855846774193725e-01
-2.425049395161290311e-01
-3.702970766129031754e-01
-2.223889112903226495e-01
-2.407760080645161560e-01
-4.003826612903225168e-01
-2.680291330645160897e-01
-4.048584677419354572e-01
-2.860179435483871102e-01
-2.752518145161290675e-01
-3.358212701612903195e-01
-2.801259072580645770e-01
-2.352822580645161366e-01
-2.187096774193548754e-01
-2.838051411290322679e-01
-2.823387096774193639e-01
-2.787952620967741879e-01
-3.281147177419354577e-01
-2.429032258064516003e-01
-2.321370967741935298e-01
-2.819404233870967946e-01
-2.231854838709677047e-01
-2.044001008064516012e-01
-2.012549395161290500e-01
-2.241178427419354968e-01
-2.120210685483870372e-01
-2.663002016129031868e-01
-2.971823588709677777e-01
-3.330743951612903930e-01
-2.918243951612903286e-01
-2.263306451612902837e-01
-1.846823588709677333e-01
-2.120210685483870927e-01
-2.429032258064516836e-01
-2.447679435483870736e-01
-2.237195564516128998e-01
-1.474596774193548399e-01
-2.066129032258064713e-01
-2.255340725806452007e-01
-2.393597782258064521e-01
-2.124193548387096897e-01
-2.725049395161290300e-01
-3.002419354838709586e-01
-1.868951612903225756e-01
-1.582258064516128826e-01
-2.828727822580645590e-01
-2.034677419354838646e-01
-1.519354838709676969e-01
-2.079435483870968049e-01
-1.989919354838709520e-01
-2.415725806451612945e-01
-1.774596774193548110e-01
-2.590775201612903200e-01
-1.519354838709677524e-01
-1.837500000000000244e-01
-2.182258064516128804e-01
-1.183064516129032212e-01
-1.913709677419354327e-01
-1.976612903225806739e-01
-1.093548387096773822e-01
-1.590725806451613045e-01
-1.640322580645161010e-01
-2.097580645161290502e-01
-2.106904233870967591e-01
-1.232661290322580316e-01
-1.062096774193548310e-01
-9.725806451612901971e-02
-1.532661290322580583e-01
-9.725806451612901971e-02
-1.474596774193548121e-01
-1.443145161290322609e-01
-1.532661290322580583e-01
-1.774596774193548110e-01
-1.214516129032257863e-01
-1.456451612903225945e-01
-1.685080645161290414e-01
-1.537499999999999700e-01
-1.627016129032257952e-01
-2.075452620967742634e-01
-1.366935483870967694e-01
-1.353629032258064357e-01
-1.608870967741934943e-01
-1.456451612903225945e-01
-1.366935483870967416e-01
-1.653629032258064069e-01
-1.461290322580644785e-01
-1.124999999999999750e-01
-1.429838709677419273e-01
-1.456451612903225390e-01
-1.259274193548386989e-01
-1.245967741935483791e-01
-1.353629032258064357e-01
-2.455645161290322120e-01
-1.322177419354838568e-01
-1.506048387096773911e-01
-1.093548387096774099e-01
-1.608870967741934943e-01
-1.366935483870967694e-01
-1.214516129032257863e-01
-1.461290322580645062e-01
-1.004032258064515987e-01
-1.259274193548386989e-01
-1.169758064516128876e-01
-1.411693548387096542e-01
-9.725806451612901971e-02
-1.976612903225806461e-01
-1.093548387096774099e-01
-1.443145161290322331e-01
-1.658467741935483741e-01
-1.187903225806451191e-01
-8.516129032258062947e-02
-5.020161290322580627e-02
-1.004032258064515987e-01
-9.278225806451612101e-02
-1.322177419354838290e-01
-1.290725806451612778e-01
-1.245967741935483653e-01
-8.068548387096773078e-02
-9.592741935483868609e-02
-1.124999999999999750e-01
-1.245967741935483653e-01
-1.685080645161289858e-01
-8.383064516129030974e-02
-1.322177419354838568e-01
-8.068548387096773078e-02
-1.156451612903225401e-01
-8.383064516129030974e-02
-7.306451612903225312e-02
-8.516129032258062947e-02
-1.443145161290322331e-01
-9.907258064516126506e-02
-6.544354838709677546e-02
-1.537499999999999700e-01
-1.214516129032257863e-01
-1.322177419354838845e-01
-1.169758064516128737e-01
-8.830645161290320844e-02
-1.322177419354838568e-01
-5.782258064516129087e-02
-1.214516129032257863e-01
-1.080241935483870624e-01
-8.201612903225806439e-02
-4.705645161290322731e-02
-4.258064516129032168e-02
-3.048387096774193492e-02
-9.278225806451612101e-02
-3.810483870967741604e-02
-4.258064516129032168e-02
-1.035483870967741776e-01
-9.278225806451612101e-02
-7.306451612903225312e-02
-1.017338709677419323e-01
-7.620967741935483208e-02
-1.138306451612903086e-01
-4.705645161290322731e-02
-7.125000000000000777e-02
-6.229838709677419650e-02
-6.544354838709677546e-02
-8.830645161290320844e-02
-7.306451612903225312e-02
-5.782258064516129087e-02
-9.278225806451612101e-02
-6.229838709677419650e-02
-1.385080645161290147e-01
-4.258064516129032168e-02
-6.096774193548386983e-02
-5.467741935483871191e-02
-7.125000000000000777e-02
-5.334677419354838523e-02
-3.810483870967741604e-02
-8.516129032258062947e-02
-6.229838709677419650e-02
-1.187903225806451329e-01
-4.572580645161290064e-02
-8.516129032258064335e-02
-5.020161290322580627e-02
-7.306451612903225312e-02
-5.334677419354838523e-02
-8.516129032258062947e-02
-6.229838709677419650e-02
-6.858870967741935443e-02
-5.020161290322580627e-02
-6.229838709677419650e-02
-2.286290322580645032e-02
-3.810483870967741604e-02
-5.334677419354838523e-02
-5.334677419354838523e-02
-3.810483870967741604e-02
-8.068548387096773078e-02
-5.334677419354838523e-02
-8.963709677419354205e-02
-1.971774193548387136e-02
-7.754032258064516570e-02
-5.020161290322580627e-02
-3.495967741935483708e-02
-5.020161290322580627e-02
-4.258064516129032168e-02
-4.572580645161290064e-02
-3.048387096774193492e-02
-4.258064516129032168e-02
-3.810483870967741604e-02
-3.810483870967741604e-02
-2.733870967741935595e-02
-5.334677419354838523e-02
-3.495967741935483708e-02
-6.096774193548386983e-02
-8.068548387096773078e-02
-3.495967741935483708e-02
-3.495967741935483708e-02
-2.733870967741935595e-02
-6.991935483870967416e-02
-9.278225806451612101e-02
-6.677419354838709520e-02
-5.334677419354838523e-02
-2.286290322580645032e-02
-1.524193548387096746e-02
-5.782258064516129087e-02
-4.258064516129032168e-02
0.000000000000000000e+00
-9.725806451612901971e-02
0.000000000000000000e+00
-7.620967741935483729e-03
-2.286290322580645032e-02
-2.286290322580645032e-02
-3.048387096774193492e-02
-4.572580645161290064e-02
-2.286290322580645032e-02
-4.705645161290322731e-02
-6.858870967741935443e-02
-3.048387096774193492e-02
-1.971774193548387136e-02
-2.286290322580645032e-02
-3.048387096774193492e-02
-5.334677419354838523e-02
-3.048387096774193492e-02
-2.286290322580645032e-02
0.000000000000000000e+00
-3.810483870967741604e-02
-4.258064516129032168e-02
-3.048387096774193492e-02
-1.524193548387096746e-02
-2.286290322580645032e-02
-1.524193548387096746e-02
-5.334677419354838523e-02
-6.096774193548386983e-02
-3.048387096774193492e-02
-3.048387096774193492e-02
-3.048387096774193492e-02
-3.810483870967741604e-02
-4.572580645161290064e-02
-3.810483870967741604e-02
-2.733870967741935595e-02
-2.286290322580645032e-02
-2.286290322580645032e-02
-3.495967741935483708e-02
-3.495967741935483708e-02
-4.572580645161290064e-02
-2.286290322580645032e-02
-3.495967741935483708e-02
-4.258064516129032168e-02
-2.286290322580645032e-02
-1.524193548387096746e-02
-3.048387096774193492e-02
0.000000000000000000e+00
-1.971774193548387136e-02
-2.286290322580645032e-02
-1.524193548387096746e-02
-7.620967741935483729e-03
-4.572580645161290064e-02
-2.286290322580645032e-02
-1.524193548387096746e-02
-7.620967741935483729e-03
-7.620967741935483729e-03
-7.620967741935483729e-03
-7.620967741935483729e-03
-3.048387096774193492e-02
-7.620967741935483729e-03
-3.810483870967741604e-02
-2.286290322580645032e-02
-1.971774193548387136e-02
-1.524193548387096746e-02
-3.048387096774193492e-02
-1.524193548387096746e-02
-3.048387096774193492e-02
-2.286290322580645032e-02
-7.620967741935483729e-03
-3.048387096774193492e-02
-4.258064516129032168e-02
-7.620967741935483729e-03
0.000000000000000000e+00
-7.620967741935483729e-03
-3.048387096774193492e-02
-3.048387096774193492e-02
-7.620967741935483729e-03
-1.971774193548387136e-02
0.000000000000000000e+00
-7.620967741935483729e-03
-2.286290322580645032e-02
-2.286290322580645032e-02
-7.620967741935483729e-03
-7.620967741935483729e-03
-7.620967741935483729e-03
-7.620967741935483729e-03
-7.620967741935483729e-03
-1.971774193548387136e-02
-7.620967741935483729e-03
-2.286290322580645032e-02
-1.524193548387096746e-02
0.000000000000000000e+00
-7.620967741935483729e-03
-1.524193548387096746e-02
-3.048387096774193492e-02
0.000000000000000000e+00
-1.524193548387096746e-02
-7.620967741935483729e-03
-1.524193548387096746e-02
-2.286290322580645032e-02
-7.620967741935483729e-03
-7.620967741935483729e-03
0.000000000000000000e+00
-1.524193548387096746e-02
-1.524193548387096746e-02
-7.620967741935483729e-03
0.000000000000000000e+00
-7.620967741935483729e-03
0.000000000000000000e+00
-7.620967741935483729e-03
-7.620967741935483729e-03
0.000000000000000000e+00
-1.524193548387096746e-02
-7.620967741935483729e-03
-2.286290322580645032e-02
0.000000000000000000e+00
0.000000000000000000e+00
0.000000000000000000e+00
-1.524193548387096746e-02
-7.620967741935483729e-03
-1.524193548387096746e-02
0.000000000000000000e+00
0.000000000000000000e+00
-2.286290322580645032e-02
0.000000000000000000e+00
-1.524193548387096746e-02
-7.620967741935483729e-03
-1.524193548387096746e-02
-7.620967741935483729e-03
-2.286290322580645032e-02
-2.286290322580645032e-02
0.000000000000000000e+00
-7.620967741935483729e-03
0.000000000000000000e+00
-7.620967741935483729e-03
0.000000000000000000e+00
-7.620967741935483729e-03
0.000000000000000000e+00
0.000000000000000000e+00
0.000000000000000000e+00
0.000000000000000000e+00
0.000000000000000000e+00
-7.620967741935483729e-03
0.000000000000000000e+00
0.000000000000000000e+00
0.000000000000000000e+00
0.000000000000000000e+00
0.000000000000000000e+00
-7.620967741935483729e-03
0.000000000000000000e+00
0.000000000000000000e+00
0.000000000000000000e+00
0.000000000000000000e+00
-7.620967741935483729e-03
0.000000000000000000e+00
0.000000000000000000e+00
-7.620967741935483729e-03
0.000000000000000000e+00
-2.286290322580645032e-02
0.000000000000000000e+00
0.000000000000000000e+00
-7.620967741935483729e-03
-7.620967741935483729e-03
0.000000000000000000e+00
0.000000000000000000e+00
0.000000000000000000e+00
0.000000000000000000e+00
0.000000000000000000e+00
-7.620967741935483729e-03
0.000000000000000000e+00
-7.620967741935483729e-03
0.000000000000000000e+00
0.000000000000000000e+00
-7.620967741935483729e-03
0.000000000000000000e+00
0.000000000000000000e+00
0.000000000000000000e+00
0.000000000000000000e+00
-7.620967741935483729e-03
0.000000000000000000e+00
0.000000000000000000e+00
0.000000000000000000e+00
0.000000000000000000e+00
-7.620967741935483729e-03
0.000000000000000000e+00
-7.620967741935483729e-03
0.000000000000000000e+00
0.000000000000000000e+00
0.000000000000000000e+00
0.000000000000000000e+00
-7.620967741935483729e-03
-7.620967741935483729e-03
0.000000000000000000e+00
0.000000000000000000e+00
0.000000000000000000e+00
0.000000000000000000e+00
0.000000000000000000e+00
0.000000000000000000e+00
-7.620967741935483729e-03
-7.620967741935483729e-03
0.000000000000000000e+00
0.000000000000000000e+00
0.000000000000000000e+00
0.000000000000000000e+00
-7.620967741935483729e-03
0.000000000000000000e+00
-7.620967741935483729e-03
-7.620967741935483729e-03
0.000000000000000000e+00
0.000000000000000000e+00
0.000000000000000000e+00
-7.620967741935483729e-03
0.000000000000000000e+00
0.000000000000000000e+00
0.000000000000000000e+00
0.000000000000000000e+00
-7.620967741935483729e-03
0.000000000000000000e+00
0.000000000000000000e+00
-7.620967741935483729e-03
0.000000000000000000e+00
0.000000000000000000e+00
-1.524193548387096746e-02
0.000000000000000000e+00
-7.620967741935483729e-03
0.000000000000000000e+00
0.000000000000000000e+00
0.000000000000000000e+00
0.000000000000000000e+00
0.000000000000000000e+00
0.000000000000000000e+00
-7.620967741935483729e-03
0.000000000000000000e+00
0.000000000000000000e+00
0.000000000000000000e+00
0.000000000000000000e+00
0.000000000000000000e+00
0.000000000000000000e+00
0.000000000000000000e+00
0.000000000000000000e+00
0.000000000000000000e+00
0.000000000000000000e+00
0.000000000000000000e+00
0.000000000000000000e+00
0.000000000000000000e+00
0.000000000000000000e+00
0.000000000000000000e+00
0.000000000000000000e+00
0.000000000000000000e+00
0.000000000000000000e+00
0.000000000000000000e+00
-7.620967741935483729e-03
0.000000000000000000e+00
0.000000000000000000e+00
0.000000000000000000e+00
0.000000000000000000e+00
0.000000000000000000e+00
0.000000000000000000e+00
0.000000000000000000e+00
-7.620967741935483729e-03
0.000000000000000000e+00
0.000000000000000000e+00
0.000000000000000000e+00
0.000000000000000000e+00
0.000000000000000000e+00
0.000000000000000000e+00
0.000000000000000000e+00
0.000000000000000000e+00
0.000000000000000000e+00
0.000000000000000000e+00
0.000000000000000000e+00
0.000000000000000000e+00
0.000000000000000000e+00
0.000000000000000000e+00
0.000000000000000000e+00
0.000000000000000000e+00
0.000000000000000000e+00
-7.620967741935483729e-03
0.000000000000000000e+00
0.000000000000000000e+00
0.000000000000000000e+00
0.000000000000000000e+00
0.000000000000000000e+00
0.000000000000000000e+00
0.000000000000000000e+00
0.000000000000000000e+00
0.000000000000000000e+00
0.000000000000000000e+00
0.000000000000000000e+00
0.000000000000000000e+00
-7.620967741935483729e-03
0.000000000000000000e+00
0.000000000000000000e+00
0.000000000000000000e+00
0.000000000000000000e+00
0.000000000000000000e+00
0.000000000000000000e+00
0.000000000000000000e+00
0.000000000000000000e+00
0.000000000000000000e+00
0.000000000000000000e+00
-1.524193548387096746e-02
0.000000000000000000e+00
0.000000000000000000e+00
0.000000000000000000e+00
0.000000000000000000e+00
-7.620967741935483729e-03
0.000000000000000000e+00
0.000000000000000000e+00
0.000000000000000000e+00
0.000000000000000000e+00
-7.620967741935483729e-03
0.000000000000000000e+00
0.000000000000000000e+00
0.000000000000000000e+00
0.000000000000000000e+00
0.000000000000000000e+00
0.000000000000000000e+00
0.000000000000000000e+00
0.000000000000000000e+00
0.000000000000000000e+00
0.000000000000000000e+00
0.000000000000000000e+00
0.000000000000000000e+00
0.000000000000000000e+00
0.000000000000000000e+00
0.000000000000000000e+00
0.000000000000000000e+00
0.000000000000000000e+00
0.000000000000000000e+00
0.000000000000000000e+00
0.000000000000000000e+00
0.000000000000000000e+00
0.000000000000000000e+00
0.000000000000000000e+00
0.000000000000000000e+00
0.000000000000000000e+00
0.000000000000000000e+00
0.000000000000000000e+00
0.000000000000000000e+00
0.000000000000000000e+00
