-2.336544402650802432e+00
-8.208310240477119102e-01
-2.346484063766204109e+00
-2.100418391450833866e+00
-2.208647174263219437e+00
-2.151982733988701213e+00
-2.261994121582658668e+00
-2.631618248565450457e+00
-2.026326330055244540e+00
-2.192334351997783592e+00
-9.880576187228067297e-01
-2.036123890459419439e+00
-2.414610547229375292e+00
-2.039167172763774794e+00
-1.343230701538076222e+00
-2.905295497424893458e+00
-1.379222671558632873e+00
-1.364394166952818566e+00
-8.161636839351563699e-01
-1.947450517775171086e+00
-3.143421411287417033e+00
-1.610039082404246313e+00
-1.633695412790499901e+00
-1.610367838394415552e+00
-1.610432243880638437e+00
-1.610080343123062585e+00
-1.602428267845398491e+00
-1.602662063300435369e+00
-1.614675377871241935e+00
-1.633695757075485755e+00
-1.602644115652083867e+00
-1.604613162991279873e+00
-1.603219338461122412e+00
-1.609971682753788214e+00
-1.602501967691521978e+00
-1.614523860099494668e+00
-1.614440122067600569e+00
-1.614725583797971487e+00
-1.610183625620392522e+00
-1.602406504788864927e+00
-1.603316728326024343e+00
-1.610085788962224207e+00
-1.633696788642541975e+00
-1.610566624298553684e+00
-1.604254198984159885e+00
-1.614597765881680136e+00
-1.602804653426785020e+00
-1.614488571901536496e+00
-1.602679544690783775e+00
-1.602388417987669067e+00
-1.602577461702318073e+00
-1.602410184899126122e+00
-1.614425860592256567e+00
-1.610247167485290065e+00
-1.609991338437166464e+00
-1.604856297241329166e+00
-1.614628059082396483e+00
-1.614481309823097011e+00
-1.604367053843709590e+00
-1.610487775853867820e+00
-1.633695815671462936e+00
-1.605055283122228227e+00
-1.610567866358221689e+00
-1.609981233083957575e+00
-1.603303595622492583e+00
-1.609975287351902207e+00
-1.605093225207600671e+00
-1.609973248638346677e+00
-1.610384684191529248e+00
-1.609954621001473463e+00
-1.614524557532090565e+00
-1.610259150875677392e+00
-1.602583930543214130e+00
-1.603023497141939702e+00
-1.609948762833790292e+00
-1.602770973515083019e+00
-1.602577258837535101e+00
-1.609952941321888042e+00
-1.602492318724700215e+00
-1.604254552382698762e+00
-1.610022437806799767e+00
-1.610243694047864826e+00
-1.603942695633483240e+00
-1.609999370099993499e+00
-1.609981484415828001e+00
-1.602609731393238812e+00
-1.610253213009585016e+00
-1.602690595929503470e+00
-1.610386471571349842e+00
-1.602781917710597970e+00
-1.610200051884711492e+00
-1.604547199832708548e+00
-1.609986303087784343e+00
-1.603971772680421903e+00
-1.604819006555009864e+00
-1.610023728433084056e+00
-1.604480592510650450e+00
-1.614432821149576647e+00
-1.610335382417552363e+00
-1.614548748493700447e+00
-1.602790155512414660e+00
-1.610651233648643599e+00
-1.602363295575938817e+00
-1.605442439391958631e+00
-1.609985025608220210e+00
-1.614511651842087003e+00
-1.604117671436143588e+00
-1.614446710113131456e+00
-1.602394627901479796e+00
-1.610097547741736523e+00
-1.609976799651479107e+00
-1.602709929979243997e+00
-1.602567594826707742e+00
-1.602659292929567103e+00
-1.610318373109023593e+00
-1.603252147041055453e+00
-1.603244088778674525e+00
-1.602701215987933026e+00
-1.602525294416078827e+00
-1.610135271767762388e+00
-1.602357403710104489e+00
-1.609970879027614377e+00
-1.603742700770419694e+00
-1.614448802521018189e+00
-1.603292743555088107e+00
-1.602573164012518481e+00
-1.602460056674084532e+00
-1.606081573126971751e+00
-1.610048150455398730e+00
-1.605088238308832738e+00
-1.602368056858323397e+00
-1.610405325995165615e+00
-1.610071680281365269e+00
-1.603511344771346714e+00
-1.602469028739025525e+00
-1.602384910887409974e+00
-1.610104240835306122e+00
-1.614629224726656265e+00
-1.602521633800062961e+00
-1.610238850550798295e+00
-1.602357800805310095e+00
-1.602421892653892010e+00
-1.610098570070899626e+00
-1.602401599741124949e+00
-1.602546214830303350e+00
-1.602420249892851478e+00
-1.602635791812633270e+00
-1.602374266614620346e+00
-1.614669856497960021e+00
-1.602479689560896592e+00
-1.602449757238588957e+00
-1.603260182159141234e+00
-1.605750787867888496e+00
-1.602986315683629481e+00
-1.602792614635936586e+00
-1.602574203546628384e+00
-1.610139531895118825e+00
-1.602692073278746632e+00
-1.602379046875634039e+00
-1.602414954083751564e+00
-1.604747385042905261e+00
-1.603109718702893760e+00
-1.602398618415878939e+00
-1.604555197081565687e+00
-1.602960823228688936e+00
-1.604100123768390063e+00
-1.604879797965987898e+00
-1.602542492159168441e+00
-1.614628727898280047e+00
-1.604101389812278011e+00
-1.603501029092920360e+00
-1.602852629222280667e+00
-1.604298985325944615e+00
-1.604542776514650049e+00
-1.610252074455724713e+00
-1.602482750937663791e+00
-1.610350590171936158e+00
-1.602386649681842634e+00
-1.602453107106247554e+00
-1.602656651355323314e+00
-1.602472794266430078e+00
-1.605866159670264137e+00
-1.603325079338581816e+00
-1.602414807063293978e+00
-1.605089292860324646e+00
-1.604288324854040937e+00
-1.602433216527743953e+00
-1.603516085441825778e+00
-1.603447699837925011e+00
-1.603433966718385451e+00
-1.602885344377448229e+00
-1.602811884016644317e+00
-1.604513149848985076e+00
-1.602862997007853396e+00
-1.602370757063985574e+00
-1.603729561527775349e+00
-1.602383040857196406e+00
-1.605681469906641956e+00
-1.602562787836298686e+00
-1.614575348725012738e+00
-1.605444307672319049e+00
-1.604759933666419336e+00
-1.602534264684355225e+00
-1.602498035570824264e+00
-1.610095292004794842e+00
-1.604479912600491831e+00
-1.603802696689721641e+00
-1.603028459743517375e+00
-1.602431738895887303e+00
-1.602932641008801395e+00
-1.602397184673774122e+00
-1.602418116762807321e+00
-1.604777477265051822e+00
-1.610407709810153243e+00
-1.604097074546332768e+00
-1.604098063792712692e+00
-1.602523941234343940e+00
-1.602918220025388196e+00
-1.602750971965972049e+00
-1.602487864164298115e+00
-1.604559286318986588e+00
-1.602588881078955918e+00
-1.604838338495259809e+00
-1.602705454420161324e+00
-1.603046193424662702e+00
-1.602461922210389300e+00
-1.602836167440103043e+00
-1.605584949509367698e+00
-1.602487205522638458e+00
-1.602372579741363490e+00
-1.602469636082377358e+00
-1.606068309665523941e+00
-1.603125972834616553e+00
-1.603056535029811602e+00
-1.602499504575819245e+00
-1.610277446567934811e+00
-1.602760276949797502e+00
-1.602424701510966498e+00
-1.605397064699988885e+00
-1.602496337248499270e+00
-1.610051182471074149e+00
-1.602711951850911198e+00
-1.606074198773771888e+00
-1.602567737994376129e+00
-1.603204080769806028e+00
-1.602467628891936391e+00
-1.603662188620749829e+00
-1.603523165852362542e+00
-1.604329001322044146e+00
-1.603705027307549047e+00
-1.602824441306038628e+00
-1.602366757418037801e+00
-1.602420546954563152e+00
-1.609995238485753433e+00
-1.603614349007228324e+00
-1.604081393642726727e+00
-1.605562815383853481e+00
-1.602764074034304098e+00
-1.610095841578269127e+00
-1.603085727354850887e+00
-1.603877591835293215e+00
-1.602360727787070394e+00
-1.603643318146289687e+00
-1.602363512360292175e+00
-1.602560877017466412e+00
-1.603700304450097924e+00
-1.603135828345935598e+00
-1.602558921388227864e+00
-1.604135348066280331e+00
-1.604629596517442414e+00
-1.605025886313677486e+00
-1.602756774825804920e+00
-1.610125268309518853e+00
-1.602679777253830595e+00
-1.603359296434956782e+00
-1.605116087092108401e+00
-1.602613828325392120e+00
-1.602865887559649982e+00
-1.605001518298963425e+00
-1.603696307029328416e+00
-1.603824079525784541e+00
-1.602371548796098111e+00
-1.602440302016445939e+00
-1.605755104590845805e+00
-1.602471009837371119e+00
-1.602567117889432069e+00
-1.603805988443013364e+00
-1.602369618335162338e+00
-1.602553743794545849e+00
-1.602607553709328281e+00
-1.602570391405503170e+00
-1.609982117475034613e+00
-1.603799391779135552e+00
-1.604096828922459306e+00
-1.602778369656962631e+00
-1.602414286920857744e+00
-1.602490921614104780e+00
-1.602645652848136315e+00
-1.603975059378796475e+00
-1.604069488245925656e+00
-1.602451107487568027e+00
-1.602999294896203297e+00
-1.605013557947153169e+00
-1.603825448445339363e+00
-1.602406224276674562e+00
-1.602703998334183755e+00
-1.602548536284539971e+00
-1.602425350670449333e+00
-1.603358737225367037e+00
-1.603008338910123065e+00
-1.603283621983387475e+00
-1.609948695372978245e+00
-1.603044530069450468e+00
-1.603353975536916831e+00
-1.605123627250268470e+00
-1.602385831497233903e+00
-1.610003125195060170e+00
-1.602578056506487991e+00
-1.603674773344271109e+00
-1.602364984428443995e+00
-1.606105795122583224e+00
-1.606497158873561260e+00
-1.602602686953581879e+00
-1.603147995378015445e+00
-1.602677841317127871e+00
-1.602664248571554095e+00
-1.603480227639960454e+00
-1.605537153672977668e+00
-1.605728295824489837e+00
-1.604080895945544372e+00
-1.603570771494926994e+00
-1.606044846966816042e+00
-1.603355216163739216e+00
-1.602393840188283347e+00
-1.604021556364914280e+00
-1.602887412840599213e+00
-1.602679084151210631e+00
-1.602686954162337862e+00
-1.602782229624673205e+00
-1.602931866646388315e+00
-1.602458323164687171e+00
-1.602656441870517368e+00
-1.602906308561029558e+00
-1.602603221728046146e+00
-1.605708783053755528e+00
-1.610123508023557859e+00
-1.602377046201282296e+00
-1.603959474475557645e+00
-1.602850515132615783e+00
-1.602445255108047029e+00
-1.605200831496437885e+00
-1.602694378687903320e+00
-1.603125608844351957e+00
-1.603108737101787140e+00
-1.602438327611511726e+00
-1.603632859998617821e+00
-1.605125283672900194e+00
-1.602403861430379717e+00
-1.604743152783341786e+00
-1.610217087850056128e+00
-1.602545870762150493e+00
-1.602885717645804453e+00
-1.604233901611373359e+00
-1.602938581092206105e+00
-1.604355921913007244e+00
-1.606175902256711474e+00
-1.603641221811572093e+00
-1.604178923869286288e+00
-1.604235230674816215e+00
-1.602636167073670403e+00
-1.602985070212548546e+00
-1.603301933496582787e+00
-1.603108768136090490e+00
-1.603031386029877048e+00
-1.603338018376398999e+00
-1.602591108260255748e+00
-1.603463459775640532e+00
-1.603999623161326715e+00
-1.602458953915627093e+00
-1.602363104352573675e+00
-1.606173528794964556e+00
-1.603885513484361924e+00
-1.602953943839042772e+00
-1.602368781497103267e+00
-1.605071079128586264e+00
-1.602838710055514815e+00
-1.604464933380283398e+00
-1.604123999648023879e+00
-1.603264563528999931e+00
-1.603480419402684376e+00
-1.605389159047253766e+00
-1.603454525105914241e+00
-1.604061139984426676e+00
-1.602467496179127426e+00
-1.602391388818183549e+00
-1.603141739880714844e+00
-1.603694159683248133e+00
-1.602390193275259778e+00
-1.602390933422972674e+00
-1.602461191689753983e+00
-1.605281920929045647e+00
-1.602989569833048300e+00
-1.605131797654741010e+00
-1.602523530472325097e+00
-1.604856856290667322e+00
-1.602562147151512351e+00
-1.602790765939214879e+00
-1.602457985929865103e+00
-1.603952701995730479e+00
-1.604943395903515313e+00
-1.603175647976794904e+00
-1.602412095599734521e+00
-1.604105786397036271e+00
-1.605865566847495263e+00
-1.604248998280696226e+00
-1.603434118024623212e+00
-1.602544306610282687e+00
-1.605739997719585199e+00
-1.602373977961119689e+00
-1.603833586204756578e+00
-1.602470586724298540e+00
-1.603939664918287988e+00
-1.602712705620519040e+00
-1.602836956605930396e+00
-1.602998421365102288e+00
-1.602431268251928165e+00
-1.603184650271255673e+00
-1.602504040865964541e+00
-1.602364116481298506e+00
-1.603163616717687701e+00
-1.602567614818191100e+00
-1.604623635000536286e+00
-1.603323769785615083e+00
-1.603023266081224474e+00
-1.603718196773428195e+00
-1.604566973769452343e+00
-1.602851543799731715e+00
-1.603351894533782795e+00
-1.602364572121912856e+00
-1.602759560895472113e+00
-1.605346948901801962e+00
-1.603206368850910613e+00
-1.602411813785253214e+00
-1.602913109192304564e+00
-1.604104589523027036e+00
-1.602392487616070671e+00
-1.602480847023288968e+00
-1.602629899390700219e+00
-1.604165129153559688e+00
-1.602630582599519737e+00
-1.604332437650752619e+00
-1.602996612841571356e+00
-1.602613026395839135e+00
-1.602469535433511671e+00
-1.602554792409792705e+00
-1.603877426503486525e+00
-1.604343281315582459e+00
-1.603006472770555968e+00
-1.602574929806228177e+00
-1.604126066831229158e+00
-1.602630805957067750e+00
-1.602396699018450166e+00
-1.602565118229525520e+00
-1.603237834348906654e+00
-1.602549219522863666e+00
-1.603022127528370699e+00
-1.602787900405201693e+00
-1.602992284267267253e+00
-1.602521480142808263e+00
-1.602902361775730755e+00
-1.603101207760632363e+00
-1.605745337584956856e+00
-1.602554373069006610e+00
-1.602366666205317980e+00
-1.603723625979527112e+00
-1.605609394908984910e+00
-1.602571422682630420e+00
-1.602781232858899507e+00
-1.605586452910715556e+00
-1.602419957501472147e+00
-1.602752544971570714e+00
-1.602410501715588076e+00
-1.604471361089716330e+00
-1.605508809069792431e+00
-1.603693928700711036e+00
-1.603032879520036591e+00
-1.603578121420312419e+00
-1.602615169168815967e+00
-1.603908171890416456e+00
-1.602923512956447638e+00
-1.602543602754645136e+00
-1.602568444783013080e+00
-1.603935532821240351e+00
-1.603321130875284384e+00
-1.606188036210039805e+00
-1.602612054250459384e+00
-1.602596960208059418e+00
-1.602865645357667068e+00
-1.602529051397723281e+00
-1.603223932282927366e+00
-1.603424839383068790e+00
-1.603300604003216723e+00
-1.602430213462705977e+00
-1.603060865065699891e+00
-1.605089779218273005e+00
-1.602546825256867091e+00
-1.604269174038453816e+00
-1.602539405231291791e+00
-1.602937917514157817e+00
-1.602974249141899898e+00
-1.602636535488653369e+00
-1.603758238613573139e+00
-1.603897923706180784e+00
-1.602434631393558018e+00
-1.602516022523254424e+00
-1.602372305871105462e+00
-1.605659893916045800e+00
-1.602963420831509112e+00
-1.602402607589274108e+00
-1.603170837825260486e+00
-1.604293044476359897e+00
-1.602919184232019179e+00
-1.602690861529320721e+00
-1.604421823085862231e+00
-1.603631829974196288e+00
-1.602372131263368971e+00
-1.610164655932761146e+00
-1.602780212242915558e+00
-1.603720584253731207e+00
-1.605069451500278133e+00
-1.602407001497139216e+00
-1.602600662138108589e+00
-1.604244675559806099e+00
-1.602974311003482422e+00
-1.602593339415983253e+00
-1.602818756919406562e+00
-1.602473516284619315e+00
-1.602471593258789184e+00
-1.602500491814679684e+00
-1.602672221638195671e+00
-1.603259958452957212e+00
-1.602532861422245158e+00
-1.605763695544737857e+00
-1.602814880287471544e+00
-1.602769343951848446e+00
-1.602394292009714727e+00
-1.602383282714350710e+00
-1.604178741937560160e+00
-1.602389457962611674e+00
-1.603376608630344924e+00
-1.602609334881340164e+00
-1.605487084634646289e+00
-1.603107235877373693e+00
-1.602818985237047800e+00
-1.602598943525543440e+00
-1.604361721146310593e+00
-1.603984783626969390e+00
-1.602636573935157349e+00
-1.604597735091418231e+00
-1.602484912916759985e+00
-1.602735662388263149e+00
-1.604699496963259975e+00
-1.602575727629127922e+00
-1.602422982769932558e+00
-1.603064464560968627e+00
-1.602397248049583833e+00
-1.602489995492138997e+00
-1.603214134165096283e+00
-1.602896460585060856e+00
-1.602848450021485682e+00
-1.603678656435181038e+00
-1.602795239561029650e+00
-1.602591275923209935e+00
-1.603917360848464035e+00
-1.602410811980073069e+00
-1.604163729051392595e+00
-1.603070261447524514e+00
-1.602425499378040241e+00
-1.602450949260500579e+00
-1.603134197537386063e+00
-1.602464800547916068e+00
-1.602949824784519084e+00
-1.602558045520988461e+00
-1.605711015989525370e+00
-1.606076475890738875e+00
-1.602618049629154440e+00
-1.602365609591256845e+00
-1.602439103866499126e+00
-1.603198042975657156e+00
-1.603793303930289627e+00
-1.602437927417152297e+00
-1.603192183728050058e+00
-1.603568638928110524e+00
-1.604447389074764363e+00
-1.603181604861852794e+00
-1.602382295242281707e+00
-1.604661140710029965e+00
-1.602411383933577627e+00
-1.602732424619525364e+00
-1.605386574081037354e+00
