-2.207558675471747112e+00
-2.557505110691421724e+00
-2.459702515066858997e+00
-1.264746472194329341e+00
-6.338991420103455843e-01
-2.134660592639076260e+00
-5.780943915993479454e-01
-1.576059017756653136e+00
-2.180730737347253978e+00
-1.632347984287911169e+00
-2.092069953233398394e+00
-2.012720054738201814e+00
-2.156372129098750534e+00
-2.465391324817548302e+00
-1.599202490510902797e+00
-2.350264311449100862e+00
-2.027103066165567125e+00
-2.043301679128042725e+00
-1.944432287846643570e+00
-1.977011867923811561e+00
-1.732650242597487233e+00
-1.664722034772000425e+00
-2.444517825928098631e+00
-2.144610583097395828e+00
-2.262913519801391438e+00
-1.805397240610000287e+00
-3.364249634947668266e+00
-1.602474813401533416e+00
-1.614411704966348893e+00
-1.610012642314456954e+00
-1.614601826750543534e+00
-1.602420896759840563e+00
-1.614615959287437175e+00
-1.610088458832080294e+00
-1.603347558366412962e+00
-1.606050940028469043e+00
-1.602483389813935011e+00
-1.610225884975537092e+00
-1.633696125038321512e+00
-1.610549993627059973e+00
-1.603385191800908993e+00
-1.610167552258367607e+00
-1.603949813444739858e+00
-1.604895777122492984e+00
-1.602891055243800045e+00
-1.633695447792651301e+00
-1.614530392118647573e+00
-1.610504334591581488e+00
-1.610012490106841554e+00
-1.614431190517735315e+00
-1.610214716264914303e+00
-1.614582477794718862e+00
-1.610179685435110031e+00
-1.602746718873030662e+00
-1.602359053615824314e+00
-1.602430770714837749e+00
-1.605420341076052138e+00
-1.614714297610046367e+00
-1.603542004914043861e+00
-1.603735644892529066e+00
-1.604880175666569375e+00
-1.614529533770641789e+00
-1.602952143629508663e+00
-1.604194847168385785e+00
-1.604409422528749074e+00
-1.610452499165533347e+00
-1.610074138542348265e+00
-1.603600753781136312e+00
-1.602950525695862272e+00
-1.602413727087200090e+00
-1.605287410905815948e+00
-1.602561467850372123e+00
-1.610244378075148530e+00
-1.610171249380468073e+00
-1.603418604297324412e+00
-1.604982834114914381e+00
-1.610319242707606291e+00
-1.614507777935019206e+00
-1.614420286277305161e+00
-1.614457673949880157e+00
-1.609973480864833828e+00
-1.603171409037110973e+00
-1.604102833184760213e+00
-1.610017454638491996e+00
-1.603348279587137215e+00
-1.610114141599032767e+00
-1.602701501273124052e+00
-1.610016400733519371e+00
-1.603127668400716743e+00
-1.610423708601752102e+00
-1.602861500944223083e+00
-1.614482685732042233e+00
-1.603118248740882157e+00
-1.609984413047166996e+00
-1.614610015488716188e+00
-1.602395374348676294e+00
-1.602380943271078051e+00
-1.610200714780977815e+00
-1.602480690295216892e+00
-1.602970354126085351e+00
-1.606385244544196400e+00
-1.602828289100392878e+00
-1.602512060589572407e+00
-1.610282967793212006e+00
-1.602544906207704400e+00
-1.609968323520284406e+00
-1.602465509020742029e+00
-1.610492530146722556e+00
-1.610074419233083809e+00
-1.604326700010343165e+00
-1.602508759857726339e+00
-1.604023149000768811e+00
-1.610139415780764915e+00
-1.602626941961200924e+00
-1.602496527852129926e+00
-1.602858082156002340e+00
-1.614424560355622429e+00
-1.604544443370895079e+00
-1.602526412961493119e+00
-1.604912741691845390e+00
-1.610024899553174738e+00
-1.609956004442206323e+00
-1.602972733472257438e+00
-1.603932168944150582e+00
-1.614576348583920851e+00
-1.602493589662057349e+00
-1.610115026354863144e+00
-1.603112829441021070e+00
-1.605824430336454167e+00
-1.602706042019613752e+00
-1.614707815140541181e+00
-1.609944362453124445e+00
-1.610078463023182360e+00
-1.605289547755508250e+00
-1.605153505575134476e+00
-1.602542663643794052e+00
-1.604056753197081742e+00
-1.606388615549344978e+00
-1.610475676594528505e+00
-1.602590966343120371e+00
-1.602496871795489941e+00
-1.610188976365941160e+00
-1.603189239696671597e+00
-1.605739060084573122e+00
-1.602871521355002882e+00
-1.614611183031687824e+00
-1.602478177533669390e+00
-1.614537756305948424e+00
-1.604958138724874361e+00
-1.614475046313952333e+00
-1.602551290907458403e+00
-1.604036624114644871e+00
-1.609956525573046582e+00
-1.606199564120165180e+00
-1.603565805888620632e+00
-1.604477079140765206e+00
-1.609991741419795508e+00
-1.605925339595160706e+00
-1.605247810142615306e+00
-1.602573289971163994e+00
-1.602879499560985854e+00
-1.603444811151039984e+00
-1.602399186288449018e+00
-1.605647455053732076e+00
-1.614588333129757247e+00
-1.602408382981409529e+00
-1.602403823364015434e+00
-1.610062711219155229e+00
-1.602652345482711294e+00
-1.602608184465818875e+00
-1.614545876076122877e+00
-1.614432953530814174e+00
-1.604527455973236538e+00
-1.610533075862379482e+00
-1.602886666090551193e+00
-1.602499683708235700e+00
-1.602486827022625793e+00
-1.602368895475203336e+00
-1.610208048604955922e+00
-1.602442654414337087e+00
-1.605329751502597269e+00
-1.602429687243563272e+00
-1.603073967272835132e+00
-1.602359086833235802e+00
-1.614483332206451127e+00
-1.602554512177299051e+00
-1.602502564937317020e+00
-1.614473168779603673e+00
-1.604289994887923454e+00
-1.602643724844526885e+00
-1.602720944500444444e+00
-1.605966141862145147e+00
-1.605663948305104727e+00
-1.602550680374479120e+00
-1.602591144918923849e+00
-1.602675785479630743e+00
-1.605245827900491085e+00
-1.602658974574404649e+00
-1.604593217128228666e+00
-1.605414658797825300e+00
-1.610000211402375703e+00
-1.602663047363293680e+00
-1.604532110112764531e+00
-1.603752041535544626e+00
-1.602761589876096071e+00
-1.602560478211815020e+00
-1.605721684035866348e+00
-1.602398738597848871e+00
-1.604959040308121976e+00
-1.603104803992228433e+00
-1.602673879091109699e+00
-1.610499926780728508e+00
-1.602682736565203436e+00
-1.604509839081822431e+00
-1.602789144016545597e+00
-1.602682590754801462e+00
-1.602502519735673481e+00
-1.603620727506642307e+00
-1.604981773721556371e+00
-1.602364645214980010e+00
-1.602645184384166255e+00
-1.609952010411493939e+00
-1.602454457353133632e+00
-1.606162011694559411e+00
-1.602422774791560922e+00
-1.604076161788695609e+00
-1.602929954388916167e+00
-1.602401981181054591e+00
-1.602600712499367530e+00
-1.602893314461395935e+00
-1.603234828213307095e+00
-1.606447145555186307e+00
-1.602415604982620811e+00
-1.614433807607999816e+00
-1.605236209519761426e+00
-1.603252218649104499e+00
-1.610094862109395120e+00
-1.602510152378100905e+00
-1.602408271132948148e+00
-1.605918047146699612e+00
-1.604380591781846999e+00
-1.610107412516700531e+00
-1.602461979297054251e+00
-1.605717668014044808e+00
-1.603731117048913468e+00
-1.602919204137196685e+00
-1.609977703039275676e+00
-1.602748455382822179e+00
-1.602459665231218855e+00
-1.602778482089892487e+00
-1.602916563476844747e+00
-1.602405174878431593e+00
-1.602367975021614210e+00
-1.602417714693498807e+00
-1.602578816869278944e+00
-1.604522365339501544e+00
-1.603390211888487737e+00
-1.602482362567411611e+00
-1.602462660580491027e+00
-1.605274514658698637e+00
-1.602443490570327977e+00
-1.603248929551079893e+00
-1.605517076809600319e+00
-1.610310382279800390e+00
-1.605799803803287240e+00
-1.603563164526620177e+00
-1.606436073538372478e+00
-1.603842486158123304e+00
-1.602774882948191593e+00
-1.602604162973201296e+00
-1.604483913648650839e+00
-1.604781163134679556e+00
-1.602617719996650480e+00
-1.602720277424620976e+00
-1.603143708128800249e+00
-1.604780139988230214e+00
-1.605035517887869689e+00
-1.602390358749610888e+00
-1.602536833798481997e+00
-1.602857909007354476e+00
-1.602375239303267751e+00
-1.602508283082416440e+00
-1.610141223374153219e+00
-1.614458619981264720e+00
-1.603550398092174589e+00
-1.605475163818666617e+00
-1.603662792936900949e+00
-1.602539445081647029e+00
-1.604151802589747655e+00
-1.603025174638892159e+00
-1.602376058625905042e+00
-1.604872444104886275e+00
-1.602448220001910340e+00
-1.602421693247467971e+00
-1.602370743101887207e+00
-1.602363435912868006e+00
-1.602992837445456731e+00
-1.604064394883448097e+00
-1.603660800963943034e+00
-1.604076057954725965e+00
-1.602369573598456443e+00
-1.602370601046878340e+00
-1.604127140512493055e+00
-1.602821743690898693e+00
-1.605741959456986612e+00
-1.604429839169668304e+00
-1.603941904401123386e+00
-1.602496104535668264e+00
-1.602455613116217092e+00
-1.603764496399839867e+00
-1.603724996594262597e+00
-1.602482237580479474e+00
-1.602721938036385296e+00
-1.602470407349377846e+00
-1.602381052845168741e+00
-1.602487803394865074e+00
-1.602542400279563850e+00
-1.610345257526847984e+00
-1.604085719848056701e+00
-1.602375746343150498e+00
-1.602403940862865195e+00
-1.602788705583200413e+00
-1.602449225387066578e+00
-1.610448279461826226e+00
-1.602455663072038572e+00
-1.604703401426537779e+00
-1.605503922158630692e+00
-1.602467714822664036e+00
-1.602494532405614791e+00
-1.603770844425590480e+00
-1.602810053443101124e+00
-1.605461996830490623e+00
-1.602358700198446062e+00
-1.602398569263448813e+00
-1.602518397049515597e+00
-1.603506582393403601e+00
-1.602566331296167768e+00
-1.603791441231307680e+00
-1.602419475306650298e+00
-1.603209849568011824e+00
-1.603126706450387129e+00
-1.604237227848746006e+00
-1.603366414758268244e+00
-1.602826566514974571e+00
-1.602490625658980594e+00
-1.602456601659880686e+00
-1.603738422756020521e+00
-1.602406678283059049e+00
-1.602422437108593112e+00
-1.603376059358847305e+00
-1.602674649109619986e+00
-1.604127930499327448e+00
-1.602589697402098778e+00
-1.604343299340891260e+00
-1.603069733006981412e+00
-1.605217972560748274e+00
-1.603391872634448490e+00
-1.603645251816623762e+00
-1.605358217264719389e+00
-1.604080698530149673e+00
-1.603247611237977432e+00
-1.604809447070244310e+00
-1.604063216022010074e+00
-1.605209321189374538e+00
-1.602934384607741958e+00
-1.602576064630560015e+00
-1.603097600126615951e+00
-1.602624720489391974e+00
-1.602367821509374402e+00
-1.603205700563974601e+00
-1.602420942130702297e+00
-1.602643792681827106e+00
-1.605411065999580167e+00
-1.605048469539789746e+00
-1.610006980406520238e+00
-1.602736088768482725e+00
-1.605544570469902954e+00
-1.602657597978502491e+00
-1.602456382002112267e+00
-1.602495570984003859e+00
-1.602484086137424768e+00
-1.604254667150025515e+00
-1.602831395127921388e+00
-1.602745307353300452e+00
-1.602533555093154094e+00
-1.602391049032054093e+00
-1.602849345181780016e+00
-1.602854856106553427e+00
-1.603178969137334375e+00
-1.602435791021279421e+00
-1.602453198081027042e+00
-1.602801764748303714e+00
-1.606185739712548299e+00
-1.602855182983733418e+00
-1.604078271695333457e+00
-1.602513192207543291e+00
-1.604958453861926371e+00
-1.603730272098640608e+00
-1.604341264653686983e+00
-1.603047542461720765e+00
-1.603234414901704374e+00
-1.602481319177507135e+00
-1.603321439480753119e+00
-1.603163525966328828e+00
-1.602381120763089140e+00
-1.605537765261431993e+00
-1.602416300884894396e+00
-1.602361348806054853e+00
-1.603562619305977988e+00
-1.602485526807538196e+00
-1.602942531730307429e+00
-1.602566889985521881e+00
-1.602645539417939968e+00
-1.603043171324926686e+00
-1.603169140432969986e+00
-1.602861371851849848e+00
-1.606394761725890907e+00
-1.603884782364861206e+00
-1.602899833879898761e+00
-1.603862619762896013e+00
-1.603200070548628675e+00
-1.604109972241621884e+00
-1.602375245210780674e+00
-1.604469486237725784e+00
-1.602581823094580971e+00
-1.602442698549136679e+00
-1.602879538289365247e+00
-1.602618557154696699e+00
-1.603759966026899297e+00
-1.605420725993200515e+00
-1.606401562570207719e+00
-1.602849836068655831e+00
-1.603026002454728705e+00
-1.605461798568973864e+00
-1.602533809338979376e+00
-1.602817488557194192e+00
-1.602624197332698675e+00
-1.602775566508785943e+00
-1.603049397478019111e+00
-1.602450480822071643e+00
-1.603580846048837438e+00
-1.602504821798838686e+00
-1.603418804452793500e+00
-1.605400663264146210e+00
-1.604807204334173232e+00
-1.604638354483369334e+00
-1.602786124420171543e+00
-1.603032273498055327e+00
-1.602358654572963115e+00
-1.605849589108282238e+00
-1.606102295585778883e+00
-1.603696266592083974e+00
-1.602386281818432012e+00
-1.604540102520743083e+00
-1.603359900850310549e+00
-1.603264659070224418e+00
-1.602622682668661813e+00
-1.602531138123966192e+00
-1.603833929418375881e+00
-1.606394200257014182e+00
-1.604108668959628892e+00
-1.602941665175118713e+00
-1.602935934702005349e+00
-1.602506213456333484e+00
-1.605798468438014437e+00
-1.602566593859757749e+00
-1.604205099476125218e+00
-1.602867560225125443e+00
-1.610090861420550024e+00
-1.604932646136584040e+00
-1.602421510710335228e+00
-1.602665102532288444e+00
-1.602746126080612843e+00
-1.603488413313446381e+00
-1.602950105907156919e+00
-1.606405142816548670e+00
-1.602502850339710960e+00
-1.602850195751782447e+00
-1.604486540714455511e+00
-1.605934180873867190e+00
-1.602540183862487977e+00
-1.603625501807635967e+00
-1.602642346474048018e+00
-1.602431277737730531e+00
-1.605056910423969141e+00
-1.602539531040270138e+00
-1.602923761966086769e+00
-1.604957973275194849e+00
-1.602487503365570332e+00
-1.602359002105714803e+00
-1.602915676515468402e+00
-1.604580637177717373e+00
-1.603276801758823922e+00
-1.604111759797494097e+00
-1.602504396543568355e+00
-1.605355118267186798e+00
-1.602361923043760461e+00
-1.603521045575490911e+00
-1.602665868122514103e+00
-1.603830552330952619e+00
-1.602655134017168637e+00
-1.604866392865727631e+00
-1.602837970828952630e+00
-1.602424900957673204e+00
-1.603376674026613991e+00
-1.602379173600350537e+00
-1.602390244435140776e+00
-1.602381760800695831e+00
-1.604558326783578570e+00
-1.603052897237431162e+00
-1.602860861638043755e+00
-1.603818175964497827e+00
-1.602594821102110156e+00
-1.603641376650455141e+00
-1.602471338443604454e+00
-1.602870209137480462e+00
-1.602367958929033165e+00
-1.602431695484286323e+00
-1.602422061381638230e+00
-1.602443939094548409e+00
-1.602526958913703004e+00
-1.606344777662455758e+00
-1.605338062303683255e+00
-1.602479953942882451e+00
-1.604888883006676759e+00
-1.603305622961730181e+00
-1.606413356059571917e+00
-1.605151138929717280e+00
-1.602413376280447110e+00
-1.602404394723553338e+00
-1.605393185212812712e+00
-1.602801839445826326e+00
-1.602479947939840832e+00
-1.602389719562455017e+00
-1.602396604838433491e+00
-1.602547426897952043e+00
-1.605990593548476175e+00
-1.602652727081282924e+00
-1.606381340152206239e+00
-1.602465695305260951e+00
-1.603039976461772209e+00
-1.602388539194550487e+00
-1.602571005527247738e+00
-1.604016667999202950e+00
-1.602632638444284829e+00
-1.602668192373679856e+00
-1.603051327098671264e+00
-1.603150633215677079e+00
-1.605978835225862378e+00
-1.604691252511056376e+00
-1.605068926732181378e+00
-1.603991947402894080e+00
-1.605340037390048380e+00
-1.602716398674741471e+00
-1.602648757304381055e+00
-1.604730494789923689e+00
-1.602692425474231408e+00
-1.602364303653478705e+00
-1.603853376002386311e+00
-1.605345762309784652e+00
-1.602634823066530600e+00
-1.603484882027280678e+00
-1.605431229439543639e+00
-1.604180294670574769e+00
-1.602680849844782429e+00
-1.606110447906397676e+00
-1.602590054991106516e+00
-1.603856149065914671e+00
-1.602438842500053084e+00
-1.602977012403516754e+00
-1.602719817621588216e+00
-1.602463783940017983e+00
-1.602950154948600492e+00
-1.604233465797416880e+00
-1.602579431945940103e+00
-1.602752308930109448e+00
-1.602358667972375583e+00
-1.604847455175117954e+00
-1.602417483007801291e+00
-1.603616304066034282e+00
-1.602445679961875813e+00
-1.604678467705091816e+00
-1.602420235066593035e+00
-1.602387688359439233e+00
-1.603657663086881957e+00
-1.604111252866470050e+00
-1.605926961088226745e+00
-1.604441405345829796e+00
-1.602793283776907440e+00
-1.602438497263557693e+00
-1.602999046143024131e+00
-1.602746094154507972e+00
-1.602817815192900230e+00
-1.602664536292237596e+00
-1.602679640096463132e+00
-1.604187292211173954e+00
-1.602472174698013285e+00
-1.605145272370859688e+00
-1.604770317386863043e+00
-1.602497132938243141e+00
