-7.935890148288856638e-01
-9.337125642306426387e-01
-7.015354179278634472e-01
-1.180967452602391887e+00
-7.396450386881445738e-01
-1.176469567330187926e+00
-7.620403149649208618e-01
-1.419076084903627910e+00
-7.495922564822594669e-01
-1.036980500840693153e+00
-1.198770577329924203e+00
-6.824702747709688877e-01
-1.120146575888687046e+00
-1.289140576580505737e+00
-7.175397523793378696e-01
-1.133644288801785915e+00
-1.079222255085970028e+00
-8.118851440910561656e-01
-8.898784339760127393e-01
-1.159645363741688584e+00
-1.097123791739996301e+00
-1.156732802198043863e+00
-1.227945431782559105e+00
-1.171877092287842537e+00
-1.245270988151055525e+00
-1.461521303606302391e+00
-1.166102459192154051e+00
-1.348546500855134944e+00
-1.328456459408426271e+00
-1.078915844448818051e+00
-1.119586301563404662e+00
-1.054822959411359395e+00
-1.184229719009551873e+00
-1.034819785683950499e+00
-1.159429563741560587e+00
-1.186765924177524356e+00
-1.161033255516982665e+00
-1.200436915738415822e+00
-1.353327377139413201e+00
-7.908937598358160015e-01
-6.344843110143524312e-01
-8.587903581367517525e-01
-9.639997467916280316e-01
-1.222958351812984512e+00
-1.094391959845718798e+00
-1.188961315418961329e+00
-1.548958928974343952e+00
-6.621262081227016205e-01
-7.481214731238714499e-01
-6.863447275173528705e-01
-8.254456176830887726e-01
-7.371900274729131786e-01
-6.926741405915983751e-01
-6.550348797495838538e-01
-7.374674177129471042e-01
-7.509806532384878386e-01
-6.478679359665916460e-01
-8.150843429526160033e-01
-7.040620316917096666e-01
-7.813331467517453666e-01
-6.801376638397371721e-01
-6.546801957517979220e-01
-7.507050931501316748e-01
-7.766340179829726020e-01
-6.608025639448127375e-01
-8.280221018051558968e-01
-7.055704335648509407e-01
-6.136632895013869327e-01
-7.231200931280297173e-01
-8.619425198301025048e-01
-7.907484984540192885e-01
-6.511670419716761860e-01
-8.367905324622577634e-01
-9.064338626274750510e-01
-8.940949132226505558e-01
-9.558720863179477334e-01
-9.401774820048622860e-01
-9.605005499301825234e-01
-9.815421663810217634e-01
-1.036655650469763712e+00
-1.054728897899043449e+00
-9.987557175882217919e-01
-9.708689947864450609e-01
-9.089425232965496759e-01
-9.252317376093027734e-01
-1.018231747507957641e+00
-9.237612383462100452e-01
-6.395502324145504458e-01
-9.124645079887372390e-01
-9.618990737222237186e-01
-9.033276922393510544e-01
-9.639819191803979948e-01
-9.167733947074362399e-01
-8.972209098967307561e-01
-9.605005499301825234e-01
-9.013166726031128784e-01
-9.818249414429460753e-01
-1.033511383411906071e+00
-9.554342113330411834e-01
-1.059029877472363212e+00
-1.012486579062333858e+00
-9.611736807774233782e-01
-1.059029877472363212e+00
-1.033330373864679297e+00
-9.949753602205735348e-01
-9.568689575648603451e-01
-1.059029877472363212e+00
-9.554342113330411834e-01
-9.607280469704940762e-01
-9.607280469704940762e-01
-1.054728897899043449e+00
-9.949753602205735348e-01
-1.054728897899043449e+00
-1.059029877472363212e+00
-1.054728897899043449e+00
-9.818249414429460753e-01
-1.054728897899043449e+00
-1.008029333203276146e+00
-1.059029877472363212e+00
-1.008029333203276146e+00
-9.554342113330411834e-01
-1.059029877472363212e+00
-1.059029877472363212e+00
-1.012486579062333858e+00
-1.054728897899043449e+00
-1.059029877472363212e+00
-1.054728897899043449e+00
-1.054728897899043449e+00
-1.054728897899043449e+00
-9.818249414429460753e-01
-1.054728897899043449e+00
-1.054461611778030772e+00
-9.807863940529960578e-01
-9.710149609885876387e-01
-9.556438709047091473e-01
-9.818249414429460753e-01
-9.605005499301825234e-01
-1.059029877472363212e+00
-9.698144902976006954e-01
-1.054728897899043449e+00
-1.054728897899043449e+00
-1.008029333203276146e+00
-1.059029877472363212e+00
-1.054728897899043449e+00
-1.054728897899043449e+00
-1.059029877472363212e+00
-1.054728897899043449e+00
-1.054728897899043449e+00
-1.054728897899043449e+00
-1.054728897899043449e+00
-1.054728897899043449e+00
-9.607280469704940762e-01
-1.054728897899043449e+00
-1.059029877472363212e+00
-1.054728897899043449e+00
-1.054728897899043449e+00
-1.054728897899043449e+00
-1.054728897899043449e+00
-1.054728897899043449e+00
-1.033330373864679297e+00
-1.061587444646252099e+00
-1.054728897899043449e+00
-9.949753602205735348e-01
-1.054728897899043449e+00
-9.698144902976006954e-01
-1.054728897899043449e+00
-1.054728897899043449e+00
-1.061587444646252099e+00
-1.054728897899043449e+00
-1.059029877472363212e+00
-1.054728897899043449e+00
-1.054728897899043449e+00
-1.059029877472363212e+00
-1.054728897899043449e+00
-9.949753602205735348e-01
-9.698144902976006954e-01
-1.054728897899043449e+00
-1.054728897899043449e+00
-1.054728897899043449e+00
-1.061587444646252099e+00
-1.054728897899043449e+00
-1.054728897899043449e+00
-1.054728897899043449e+00
-1.054728897899043449e+00
-1.054728897899043449e+00
-1.054728897899043449e+00
-1.054728897899043449e+00
-1.054728897899043449e+00
-1.061587444646252099e+00
-1.054728897899043449e+00
-9.698144902976006954e-01
-1.059029877472363212e+00
-1.059029877472363212e+00
-1.054728897899043449e+00
-1.054728897899043449e+00
-1.054728897899043449e+00
-1.054728897899043449e+00
-1.054728897899043449e+00
-1.054728897899043449e+00
-1.054728897899043449e+00
-1.008029333203276146e+00
-1.054728897899043449e+00
-1.054728897899043449e+00
-1.054728897899043449e+00
-1.061587444646252099e+00
-1.054728897899043449e+00
-1.054728897899043449e+00
-1.054728897899043449e+00
-1.054728897899043449e+00
-1.054728897899043449e+00
-1.054728897899043449e+00
-1.054728897899043449e+00
-1.054728897899043449e+00
-1.054728897899043449e+00
-1.054728897899043449e+00
-1.054728897899043449e+00
-1.054728897899043449e+00
-1.054728897899043449e+00
-1.054728897899043449e+00
-1.054728897899043449e+00
-1.054728897899043449e+00
-1.059029877472363212e+00
-1.059029877472363212e+00
-1.054728897899043449e+00
-1.054728897899043449e+00
-1.054728897899043449e+00
-1.054728897899043449e+00
-1.054728897899043449e+00
-1.054728897899043449e+00
-1.054728897899043449e+00
-1.054728897899043449e+00
-1.054728897899043449e+00
-1.054728897899043449e+00
-1.054728897899043449e+00
-1.054728897899043449e+00
-9.698144902976006954e-01
-1.054728897899043449e+00
-1.054728897899043449e+00
-1.059029877472363212e+00
-1.054728897899043449e+00
-1.054728897899043449e+00
-1.059029877472363212e+00
-1.054728897899043449e+00
-1.054728897899043449e+00
-1.054728897899043449e+00
-1.054728897899043449e+00
-1.054728897899043449e+00
-1.054728897899043449e+00
-1.054728897899043449e+00
-1.054728897899043449e+00
-1.054728897899043449e+00
-1.054728897899043449e+00
-1.054728897899043449e+00
-1.054728897899043449e+00
-1.054728897899043449e+00
-1.059029877472363212e+00
-1.054728897899043449e+00
-1.054728897899043449e+00
-1.054728897899043449e+00
-1.054728897899043449e+00
-1.059029877472363212e+00
-1.054728897899043449e+00
-1.054728897899043449e+00
-1.054728897899043449e+00
-1.054728897899043449e+00
-1.054728897899043449e+00
-1.054728897899043449e+00
-1.054728897899043449e+00
-1.054728897899043449e+00
-1.054728897899043449e+00
-1.054728897899043449e+00
-1.054728897899043449e+00
-1.054728897899043449e+00
-1.054728897899043449e+00
-1.061587444646252099e+00
-1.054728897899043449e+00
-1.054728897899043449e+00
-1.054728897899043449e+00
-1.054728897899043449e+00
-1.054728897899043449e+00
-1.054728897899043449e+00
-1.054728897899043449e+00
-1.054728897899043449e+00
-1.054728897899043449e+00
-1.054728897899043449e+00
-1.054728897899043449e+00
-1.054728897899043449e+00
-1.059029877472363212e+00
-1.054728897899043449e+00
-1.054728897899043449e+00
-1.054728897899043449e+00
-1.054728897899043449e+00
-1.054728897899043449e+00
-1.054728897899043449e+00
-1.054728897899043449e+00
-1.054728897899043449e+00
-1.054728897899043449e+00
-1.054728897899043449e+00
-1.054728897899043449e+00
-1.054728897899043449e+00
-1.054728897899043449e+00
-1.054728897899043449e+00
-1.054728897899043449e+00
-1.054728897899043449e+00
-1.054728897899043449e+00
-1.054728897899043449e+00
-1.054728897899043449e+00
-1.054728897899043449e+00
-1.054728897899043449e+00
-1.054728897899043449e+00
-1.054728897899043449e+00
-1.054728897899043449e+00
-1.054728897899043449e+00
-1.054728897899043449e+00
-1.054728897899043449e+00
-1.054728897899043449e+00
-1.054728897899043449e+00
-1.054728897899043449e+00
-1.054728897899043449e+00
-1.054728897899043449e+00
-1.054728897899043449e+00
-1.054728897899043449e+00
-1.054728897899043449e+00
-1.054728897899043449e+00
-1.054728897899043449e+00
-1.054728897899043449e+00
-1.054728897899043449e+00
-1.054728897899043449e+00
-1.054728897899043449e+00
-1.059029877472363212e+00
-1.054728897899043449e+00
-1.054728897899043449e+00
-1.059029877472363212e+00
-1.054728897899043449e+00
-1.054728897899043449e+00
-1.054728897899043449e+00
-1.054728897899043449e+00
-1.054728897899043449e+00
-1.054728897899043449e+00
-1.054728897899043449e+00
-1.054728897899043449e+00
-1.054728897899043449e+00
-1.054728897899043449e+00
-1.054728897899043449e+00
-1.054728897899043449e+00
-1.054728897899043449e+00
-1.054728897899043449e+00
-1.054728897899043449e+00
-1.054728897899043449e+00
-1.054728897899043449e+00
-1.059029877472363212e+00
-1.054728897899043449e+00
-1.054728897899043449e+00
-1.054728897899043449e+00
-1.054728897899043449e+00
-1.054728897899043449e+00
-1.054728897899043449e+00
-1.054728897899043449e+00
-1.054728897899043449e+00
-1.054728897899043449e+00
-1.054728897899043449e+00
-1.054728897899043449e+00
-1.054728897899043449e+00
-1.054728897899043449e+00
-1.054728897899043449e+00
-1.054728897899043449e+00
-1.054728897899043449e+00
-1.054728897899043449e+00
-1.054728897899043449e+00
-1.054728897899043449e+00
-1.054728897899043449e+00
-1.054728897899043449e+00
-1.054728897899043449e+00
-1.054728897899043449e+00
-1.054728897899043449e+00
-1.054728897899043449e+00
-1.054728897899043449e+00
-1.054728897899043449e+00
-1.054728897899043449e+00
-1.054728897899043449e+00
-1.054728897899043449e+00
-1.054728897899043449e+00
-1.054728897899043449e+00
-1.054728897899043449e+00
-1.054728897899043449e+00
-1.054728897899043449e+00
-1.054728897899043449e+00
-1.054728897899043449e+00
-1.054728897899043449e+00
-1.054728897899043449e+00
-1.054728897899043449e+00
-1.054728897899043449e+00
-1.054728897899043449e+00
-1.054728897899043449e+00
-1.054728897899043449e+00
-1.054728897899043449e+00
-1.054728897899043449e+00
-1.054728897899043449e+00
-1.054728897899043449e+00
-1.054728897899043449e+00
-1.054728897899043449e+00
-1.054728897899043449e+00
-1.054728897899043449e+00
-1.054728897899043449e+00
-1.054728897899043449e+00
-1.054728897899043449e+00
-1.054728897899043449e+00
-1.054728897899043449e+00
-1.059029877472363212e+00
-1.054728897899043449e+00
-1.054728897899043449e+00
-1.054728897899043449e+00
-1.054728897899043449e+00
-1.054728897899043449e+00
-1.054728897899043449e+00
-1.054728897899043449e+00
-1.054728897899043449e+00
-1.054728897899043449e+00
-1.054728897899043449e+00
-1.054728897899043449e+00
-1.054728897899043449e+00
-1.054728897899043449e+00
-1.054728897899043449e+00
-1.054728897899043449e+00
-1.054728897899043449e+00
-1.054728897899043449e+00
-1.054728897899043449e+00
-1.054728897899043449e+00
-1.054728897899043449e+00
-1.054728897899043449e+00
-1.054728897899043449e+00
-1.054728897899043449e+00
-1.054728897899043449e+00
-1.054728897899043449e+00
-1.054728897899043449e+00
-1.054728897899043449e+00
-1.054728897899043449e+00
-1.054728897899043449e+00
-1.054728897899043449e+00
-1.054728897899043449e+00
-1.054728897899043449e+00
-1.054728897899043449e+00
-1.054728897899043449e+00
-1.054728897899043449e+00
-1.054728897899043449e+00
-1.054728897899043449e+00
-1.054728897899043449e+00
-1.054728897899043449e+00
-1.054728897899043449e+00
-1.054728897899043449e+00
-1.054728897899043449e+00
-1.054728897899043449e+00
-1.054728897899043449e+00
-1.054728897899043449e+00
-1.054728897899043449e+00
-1.054728897899043449e+00
-1.054728897899043449e+00
-1.054728897899043449e+00
-1.054728897899043449e+00
-1.054728897899043449e+00
-1.054728897899043449e+00
-1.054728897899043449e+00
-1.054728897899043449e+00
-1.054728897899043449e+00
-1.054728897899043449e+00
-1.054728897899043449e+00
-1.054728897899043449e+00
-1.054728897899043449e+00
-1.054728897899043449e+00
-1.054728897899043449e+00
-1.054728897899043449e+00
-1.054728897899043449e+00
-1.054728897899043449e+00
-1.054728897899043449e+00
-1.054728897899043449e+00
-1.054728897899043449e+00
-1.054728897899043449e+00
-1.054728897899043449e+00
-1.054728897899043449e+00
-1.054728897899043449e+00
-1.054728897899043449e+00
-1.054728897899043449e+00
-1.054728897899043449e+00
-1.054728897899043449e+00
-1.054728897899043449e+00
-1.054728897899043449e+00
-1.054728897899043449e+00
-1.054728897899043449e+00
-1.054728897899043449e+00
-1.054728897899043449e+00
-1.054728897899043449e+00
-1.054728897899043449e+00
-1.054728897899043449e+00
-1.054728897899043449e+00
-1.054728897899043449e+00
-1.054728897899043449e+00
-1.054728897899043449e+00
-1.054728897899043449e+00
-1.054728897899043449e+00
-1.054728897899043449e+00
-1.054728897899043449e+00
-1.054728897899043449e+00
-1.054728897899043449e+00
-1.054728897899043449e+00
-1.054728897899043449e+00
-1.054728897899043449e+00
-1.054728897899043449e+00
-1.054728897899043449e+00
-1.054728897899043449e+00
-1.054728897899043449e+00
-1.054728897899043449e+00
-1.054728897899043449e+00
-1.054728897899043449e+00
-1.054728897899043449e+00
-1.054728897899043449e+00
-1.054728897899043449e+00
-1.054728897899043449e+00
-1.054728897899043449e+00
-1.054728897899043449e+00
-1.054728897899043449e+00
-1.054728897899043449e+00
-1.054728897899043449e+00
-1.054728897899043449e+00
-1.054728897899043449e+00
-1.054728897899043449e+00
-1.054728897899043449e+00
-1.054728897899043449e+00
-1.054728897899043449e+00
-1.054728897899043449e+00
-1.054728897899043449e+00
-1.054728897899043449e+00
-1.054728897899043449e+00
-1.054728897899043449e+00
-1.054728897899043449e+00
-1.054728897899043449e+00
-1.054728897899043449e+00
-1.054728897899043449e+00
-1.054728897899043449e+00
-1.054728897899043449e+00
-1.054728897899043449e+00
-1.054728897899043449e+00
-1.054728897899043449e+00
-1.054728897899043449e+00
-1.054728897899043449e+00
-1.054728897899043449e+00
-1.054728897899043449e+00
-1.054728897899043449e+00
-1.054728897899043449e+00
-1.054728897899043449e+00
-1.054728897899043449e+00
-1.054728897899043449e+00
-1.054728897899043449e+00
-1.054728897899043449e+00
-1.054728897899043449e+00
-1.054728897899043449e+00
-1.054728897899043449e+00
-1.054728897899043449e+00
-1.054728897899043449e+00
-1.054728897899043449e+00
-1.054728897899043449e+00
-1.054728897899043449e+00
-1.054728897899043449e+00
-1.054728897899043449e+00
-1.054728897899043449e+00
-1.054728897899043449e+00
-1.054728897899043449e+00
-1.054728897899043449e+00
-1.054728897899043449e+00
-1.054728897899043449e+00
-1.054728897899043449e+00
-1.054728897899043449e+00
-1.054728897899043449e+00
-1.054728897899043449e+00
-1.054728897899043449e+00
-1.054728897899043449e+00
-1.054728897899043449e+00
-1.054728897899043449e+00
-1.054728897899043449e+00
-1.054728897899043449e+00
-1.054728897899043449e+00
-1.054728897899043449e+00
-1.054728897899043449e+00
-1.054728897899043449e+00
-1.054728897899043449e+00
-1.054728897899043449e+00
-1.054728897899043449e+00
-1.054728897899043449e+00
-1.054728897899043449e+00
-1.054728897899043449e+00
-1.054728897899043449e+00
-1.054728897899043449e+00
-1.054728897899043449e+00
-1.054728897899043449e+00
-1.054728897899043449e+00
-1.054728897899043449e+00
-1.054728897899043449e+00
-1.054728897899043449e+00
-1.054728897899043449e+00
-1.054728897899043449e+00
-1.054728897899043449e+00
