-7.400691532258064642e-01
-5.327863911290321441e-01
-6.517125000000000279e-01
-5.674333669354839627e-01
-5.297268145161290187e-01
-7.230127016129032080e-01
-6.630127016129032658e-01
-4.910879032258064214e-01
-4.228472782258064777e-01
-7.092725806451615211e-01
-5.377460685483871350e-01
-5.188248991935483501e-01
-4.658764112903225341e-01
-5.521058467741936093e-01
-4.452263104838709018e-01
-5.058459677419353540e-01
-6.306641129032258819e-01
-4.641474798387096312e-01
-6.364705645161290448e-01
-4.210327620967741491e-01
-4.228472782258065332e-01
-4.583410282258065238e-01
-4.658764112903225341e-01
-3.451711693548387139e-01
-4.663602822580645291e-01
-4.511183467741936015e-01
-4.314006048387096781e-01
-6.372671370967739612e-01
-5.995605846774192393e-01
-4.148280241935484725e-01
-3.564713709677419518e-01
-3.972375000000000211e-01
-3.771214717741935840e-01
-3.564713709677419518e-01
-3.878876008064515712e-01
-3.523938508064515807e-01
-3.792486895161288896e-01
-4.025098790322579889e-01
-3.639565524193548174e-01
-4.173535282258064583e-01
-3.554534274193547616e-01
-3.245210685483871371e-01
-2.936389112903226017e-01
-4.053925403225806523e-01
-2.953678427419354491e-01
-3.048535282258063583e-01
-3.388808467741935559e-01
-2.717083669354838360e-01
-2.787952620967741324e-01
-2.981147177419354311e-01
-2.715725806451612656e-01
-3.053373991935484089e-01
-2.977164314516129173e-01
-2.626209677419354405e-01
-4.053925403225806523e-01
-3.057356854838709781e-01
-2.276612903225807005e-01
-3.317437500000000039e-01
-2.040018145161290319e-01
-2.743194556451613031e-01
-3.102114919354838629e-01
-4.009167338709677120e-01
-2.635533266129031493e-01
-3.182307459677419792e-01
-2.434372983870967677e-01
-1.913709677419354327e-01
-2.393597782258064799e-01
-2.124193548387096619e-01
-2.047983870967742259e-01
-2.627567540322580664e-01
-2.670967741935483808e-01
-1.627016129032257952e-01
-3.088808467741935848e-01
-3.227065524193548085e-01
-2.513709677419354027e-01
-2.348839717741935673e-01
-2.120210685483870650e-01
-1.895564516129031873e-01
-2.245161290322580383e-01
-2.770663306451613406e-01
-2.698436491935483628e-01
-3.371519153225806531e-01
-1.671774193548387077e-01
-1.290725806451612778e-01
-1.792741935483870841e-01
-2.187096774193548476e-01
-2.047983870967741982e-01
-2.110887096774193283e-01
-2.546017137096773797e-01
-2.092741935483870275e-01
-2.227871975806451910e-01
-1.398387096774193483e-01
-2.308064516129031962e-01
-2.142338709677419351e-01
-2.501259072580645504e-01
-1.608870967741935498e-01
-2.034677419354838923e-01
-1.958467741935484008e-01
-2.173790322580644863e-01
-1.761290322580644774e-01
-1.882258064516128537e-01
-2.397580645161290214e-01
-1.971774193548386789e-01
-1.761290322580645329e-01
-2.366129032258064424e-01
-1.671774193548387633e-01
-2.120210685483870927e-01
-2.066129032258064713e-01
-1.868951612903225756e-01
-1.958467741935484285e-01
-1.506048387096773911e-01
-1.806048387096774177e-01
-1.385080645161290147e-01
-1.608870967741935221e-01
-1.729838709677419262e-01
-1.627016129032258229e-01
-1.169758064516128876e-01
-1.671774193548387077e-01
-1.353629032258064357e-01
-1.627016129032257674e-01
-1.913709677419354604e-01
-1.868951612903226311e-01
-1.577419354838709986e-01
-1.671774193548386800e-01
-1.156451612903225540e-01
-1.353629032258064357e-01
-1.519354838709677247e-01
-1.201209677419354666e-01
-1.138306451612903086e-01
-1.322177419354838568e-01
-1.671774193548387355e-01
-1.519354838709677247e-01
-1.214516129032257863e-01
-1.353629032258064357e-01
-8.201612903225805051e-02
-1.613709677419354893e-01
-1.245967741935483514e-01
-1.366935483870967694e-01
-1.004032258064515987e-01
-1.671774193548387355e-01
-9.592741935483868609e-02
-8.383064516129030974e-02
-7.439516129032258673e-02
-1.143145161290322204e-01
-1.169758064516128876e-01
-1.335483870967741626e-01
-7.754032258064515182e-02
-1.124999999999999889e-01
-5.020161290322580627e-02
-8.963709677419352817e-02
-1.156451612903225401e-01
-1.398387096774193206e-01
-7.754032258064515182e-02
-6.991935483870967416e-02
-6.544354838709677546e-02
-1.398387096774193483e-01
-3.810483870967741604e-02
-1.201209677419354527e-01
-1.183064516129032073e-01
-1.138306451612903086e-01
-6.677419354838709520e-02
-1.622177419354839112e-01
-5.782258064516129087e-02
-1.653629032258064624e-01
-5.782258064516129087e-02
-1.577419354838709431e-01
-1.124999999999999750e-01
-1.124999999999999750e-01
-6.991935483870967416e-02
-1.093548387096774099e-01
-1.004032258064515848e-01
-7.887096774193548543e-02
-3.943548387096774271e-02
-8.963709677419355593e-02
-6.677419354838709520e-02
-8.068548387096773078e-02
-9.278225806451612101e-02
-7.754032258064516570e-02
-8.516129032258062947e-02
-1.093548387096773961e-01
-1.017338709677419184e-01
-1.429838709677419273e-01
-9.592741935483869997e-02
-9.858870967741935332e-02
-9.411290322580645462e-02
-6.096774193548386983e-02
-9.411290322580644074e-02
-9.592741935483868609e-02
-5.782258064516129087e-02
-3.495967741935483708e-02
-7.306451612903225312e-02
-8.830645161290320844e-02
-5.782258064516129087e-02
-7.306451612903225312e-02
-8.068548387096773078e-02
-7.754032258064515182e-02
-7.306451612903225312e-02
-6.229838709677419650e-02
-6.858870967741935443e-02
-6.858870967741935443e-02
-6.991935483870967416e-02
-7.439516129032258673e-02
-7.754032258064515182e-02
-6.096774193548386983e-02
-5.782258064516129087e-02
-1.080241935483870763e-01
-6.991935483870967416e-02
-4.572580645161290064e-02
-9.858870967741935332e-02
-7.439516129032257286e-02
-5.782258064516129087e-02
-9.725806451612901971e-02
-9.278225806451610713e-02
-9.907258064516126506e-02
-5.020161290322580627e-02
-3.048387096774193492e-02
-3.810483870967741604e-02
-6.096774193548386983e-02
-6.096774193548386983e-02
-8.068548387096774466e-02
-3.810483870967741604e-02
-3.048387096774193492e-02
-7.754032258064515182e-02
-3.810483870967741604e-02
-6.544354838709677546e-02
-5.020161290322580627e-02
-3.495967741935483708e-02
-5.334677419354838523e-02
-5.782258064516129087e-02
-6.544354838709677546e-02
-6.991935483870967416e-02
-5.334677419354838523e-02
-5.782258064516129087e-02
-8.383064516129030974e-02
-6.229838709677419650e-02
-4.705645161290322731e-02
-5.782258064516129087e-02
-5.467741935483871191e-02
-4.258064516129032168e-02
-6.229838709677419650e-02
-3.810483870967741604e-02
-4.705645161290322731e-02
-5.334677419354838523e-02
-5.020161290322580627e-02
-3.048387096774193492e-02
-2.286290322580645032e-02
-6.096774193548386983e-02
-6.096774193548386983e-02
-5.782258064516129087e-02
-3.810483870967741604e-02
-2.733870967741935595e-02
-5.467741935483871191e-02
-5.334677419354838523e-02
-2.286290322580645032e-02
-3.048387096774193492e-02
-1.524193548387096746e-02
-5.782258064516129087e-02
-4.258064516129032168e-02
-3.810483870967741604e-02
-1.524193548387096746e-02
-4.572580645161290064e-02
-2.286290322580645032e-02
-7.620967741935483729e-03
-4.572580645161290064e-02
-6.096774193548386983e-02
-6.096774193548386983e-02
-3.810483870967741604e-02
-5.020161290322580627e-02
-3.048387096774193492e-02
-1.524193548387096746e-02
-3.810483870967741604e-02
-2.286290322580645032e-02
-1.524193548387096746e-02
-3.810483870967741604e-02
-4.572580645161290064e-02
-4.258064516129032168e-02
-3.048387096774193492e-02
-2.733870967741935595e-02
-2.733870967741935595e-02
-3.048387096774193492e-02
-3.810483870967741604e-02
-7.620967741935483729e-03
-2.733870967741935595e-02
-5.334677419354838523e-02
-5.334677419354838523e-02
-2.286290322580645032e-02
-4.572580645161290064e-02
-3.048387096774193492e-02
-3.181451612903225812e-02
0.000000000000000000e+00
-4.572580645161290064e-02
-7.620967741935483729e-03
-3.048387096774193492e-02
-1.524193548387096746e-02
-2.286290322580645032e-02
-1.524193548387096746e-02
-7.620967741935483729e-03
-3.048387096774193492e-02
-3.810483870967741604e-02
-2.286290322580645032e-02
-3.943548387096774271e-02
0.000000000000000000e+00
-7.620967741935483729e-03
-1.209677419354838850e-02
-3.048387096774193492e-02
-2.286290322580645032e-02
-1.524193548387096746e-02
-1.524193548387096746e-02
-4.258064516129032168e-02
-2.286290322580645032e-02
-2.286290322580645032e-02
-3.048387096774193492e-02
-1.524193548387096746e-02
-1.524193548387096746e-02
-1.524193548387096746e-02
-1.971774193548387136e-02
-1.524193548387096746e-02
0.000000000000000000e+00
-4.572580645161290064e-02
-4.258064516129032168e-02
-1.524193548387096746e-02
-3.495967741935483708e-02
-2.286290322580645032e-02
-2.286290322580645032e-02
-7.620967741935483729e-03
0.000000000000000000e+00
-7.620967741935483729e-03
-7.620967741935483729e-03
-1.971774193548387136e-02
-2.286290322580645032e-02
-7.620967741935483729e-03
-2.286290322580645032e-02
-1.209677419354838850e-02
-3.495967741935483708e-02
-7.620967741935483729e-03
-3.810483870967741604e-02
-1.524193548387096746e-02
0.000000000000000000e+00
-2.286290322580645032e-02
-7.620967741935483729e-03
-1.524193548387096746e-02
-3.495967741935483708e-02
-1.524193548387096746e-02
-7.620967741935483729e-03
-7.620967741935483729e-03
0.000000000000000000e+00
-7.620967741935483729e-03
-1.524193548387096746e-02
-1.524193548387096746e-02
-2.286290322580645032e-02
-7.620967741935483729e-03
0.000000000000000000e+00
0.000000000000000000e+00
-7.620967741935483729e-03
-4.258064516129032168e-02
-7.620967741935483729e-03
0.000000000000000000e+00
0.000000000000000000e+00
-1.524193548387096746e-02
0.000000000000000000e+00
0.000000000000000000e+00
-7.620967741935483729e-03
-7.620967741935483729e-03
-1.971774193548387136e-02
-1.524193548387096746e-02
0.000000000000000000e+00
-1.524193548387096746e-02
-2.733870967741935595e-02
-7.620967741935483729e-03
-7.620967741935483729e-03
-1.524193548387096746e-02
-1.209677419354838850e-02
-7.620967741935483729e-03
0.000000000000000000e+00
-7.620967741935483729e-03
-2.286290322580645032e-02
-7.620967741935483729e-03
0.000000000000000000e+00
-7.620967741935483729e-03
-7.620967741935483729e-03
-7.620967741935483729e-03
0.000000000000000000e+00
-7.620967741935483729e-03
-7.620967741935483729e-03
0.000000000000000000e+00
0.000000000000000000e+00
-7.620967741935483729e-03
-3.048387096774193492e-02
0.000000000000000000e+00
-7.620967741935483729e-03
0.000000000000000000e+00
-7.620967741935483729e-03
-7.620967741935483729e-03
0.000000000000000000e+00
-2.286290322580645032e-02
0.000000000000000000e+00
-2.286290322580645032e-02
0.000000000000000000e+00
-7.620967741935483729e-03
-7.620967741935483729e-03
0.000000000000000000e+00
0.000000000000000000e+00
0.000000000000000000e+00
-1.524193548387096746e-02
-7.620967741935483729e-03
-1.524193548387096746e-02
0.000000000000000000e+00
-3.048387096774193492e-02
-2.286290322580645032e-02
0.000000000000000000e+00
-1.524193548387096746e-02
-2.286290322580645032e-02
-7.620967741935483729e-03
0.000000000000000000e+00
0.000000000000000000e+00
-7.620967741935483729e-03
0.000000000000000000e+00
-1.524193548387096746e-02
-1.524193548387096746e-02
0.000000000000000000e+00
0.000000000000000000e+00
0.000000000000000000e+00
0.000000000000000000e+00
0.000000000000000000e+00
0.000000000000000000e+00
-7.620967741935483729e-03
-1.524193548387096746e-02
-7.620967741935483729e-03
0.000000000000000000e+00
-7.620967741935483729e-03
0.000000000000000000e+00
0.000000000000000000e+00
0.000000000000000000e+00
-7.620967741935483729e-03
-1.524193548387096746e-02
0.000000000000000000e+00
0.000000000000000000e+00
-7.620967741935483729e-03
0.000000000000000000e+00
-1.209677419354838850e-02
-7.620967741935483729e-03
0.000000000000000000e+00
0.000000000000000000e+00
0.000000000000000000e+00
-7.620967741935483729e-03
0.000000000000000000e+00
-7.620967741935483729e-03
-7.620967741935483729e-03
0.000000000000000000e+00
-7.620967741935483729e-03
-1.524193548387096746e-02
-7.620967741935483729e-03
-1.524193548387096746e-02
-7.620967741935483729e-03
0.000000000000000000e+00
0.000000000000000000e+00
-7.620967741935483729e-03
-7.620967741935483729e-03
-7.620967741935483729e-03
-7.620967741935483729e-03
-7.620967741935483729e-03
-7.620967741935483729e-03
0.000000000000000000e+00
-7.620967741935483729e-03
0.000000000000000000e+00
-1.524193548387096746e-02
0.000000000000000000e+00
0.000000000000000000e+00
0.000000000000000000e+00
0.000000000000000000e+00
-7.620967741935483729e-03
0.000000000000000000e+00
0.000000000000000000e+00
0.000000000000000000e+00
0.000000000000000000e+00
-7.620967741935483729e-03
0.000000000000000000e+00
0.000000000000000000e+00
0.000000000000000000e+00
0.000000000000000000e+00
0.000000000000000000e+00
0.000000000000000000e+00
0.000000000000000000e+00
0.000000000000000000e+00
0.000000000000000000e+00
0.000000000000000000e+00
-7.620967741935483729e-03
0.000000000000000000e+00
0.000000000000000000e+00
0.000000000000000000e+00
0.000000000000000000e+00
0.000000000000000000e+00
0.000000000000000000e+00
0.000000000000000000e+00
0.000000000000000000e+00
-7.620967741935483729e-03
0.000000000000000000e+00
0.000000000000000000e+00
0.000000000000000000e+00
0.000000000000000000e+00
0.000000000000000000e+00
0.000000000000000000e+00
0.000000000000000000e+00
-7.620967741935483729e-03
0.000000000000000000e+00
-7.620967741935483729e-03
0.000000000000000000e+00
0.000000000000000000e+00
0.000000000000000000e+00
0.000000000000000000e+00
0.000000000000000000e+00
0.000000000000000000e+00
0.000000000000000000e+00
0.000000000000000000e+00
0.000000000000000000e+00
-7.620967741935483729e-03
0.000000000000000000e+00
0.000000000000000000e+00
0.000000000000000000e+00
0.000000000000000000e+00
0.000000000000000000e+00
0.000000000000000000e+00
0.000000000000000000e+00
0.000000000000000000e+00
0.000000000000000000e+00
0.000000000000000000e+00
0.000000000000000000e+00
0.000000000000000000e+00
0.000000000000000000e+00
0.000000000000000000e+00
0.000000000000000000e+00
0.000000000000000000e+00
0.000000000000000000e+00
0.000000000000000000e+00
0.000000000000000000e+00
0.000000000000000000e+00
-7.620967741935483729e-03
0.000000000000000000e+00
0.000000000000000000e+00
0.000000000000000000e+00
0.000000000000000000e+00
0.000000000000000000e+00
0.000000000000000000e+00
0.000000000000000000e+00
-7.620967741935483729e-03
0.000000000000000000e+00
0.000000000000000000e+00
0.000000000000000000e+00
0.000000000000000000e+00
0.000000000000000000e+00
0.000000000000000000e+00
0.000000000000000000e+00
0.000000000000000000e+00
0.000000000000000000e+00
0.000000000000000000e+00
0.000000000000000000e+00
0.000000000000000000e+00
0.000000000000000000e+00
0.000000000000000000e+00
0.000000000000000000e+00
0.000000000000000000e+00
0.000000000000000000e+00
0.000000000000000000e+00
0.000000000000000000e+00
0.000000000000000000e+00
0.000000000000000000e+00
0.000000000000000000e+00
0.000000000000000000e+00
0.000000000000000000e+00
0.000000000000000000e+00
0.000000000000000000e+00
0.000000000000000000e+00
0.000000000000000000e+00
0.000000000000000000e+00
0.000000000000000000e+00
0.000000000000000000e+00
0.000000000000000000e+00
0.000000000000000000e+00
0.000000000000000000e+00
0.000000000000000000e+00
0.000000000000000000e+00
0.000000000000000000e+00
0.000000000000000000e+00
0.000000000000000000e+00
-7.620967741935483729e-03
0.000000000000000000e+00
0.000000000000000000e+00
0.000000000000000000e+00
0.000000000000000000e+00
0.000000000000000000e+00
0.000000000000000000e+00
0.000000000000000000e+00
0.000000000000000000e+00
0.000000000000000000e+00
0.000000000000000000e+00
0.000000000000000000e+00
-7.620967741935483729e-03
0.000000000000000000e+00
0.000000000000000000e+00
0.000000000000000000e+00
