-5.888800403225806779e-01
-4.807200604838709479e-01
-6.467528225806451481e-01
-6.966919354838712053e-01
-5.777156249999997328e-01
-6.073173387096775233e-01
-5.870655241935484048e-01
-5.848025201612903068e-01
-5.821914314516127842e-01
-6.230431451612903349e-01
-5.481139112903226085e-01
-5.795301411290321170e-01
-4.497877016129032124e-01
-4.503217741935484630e-01
-5.357957661290321250e-01
-6.167528225806453435e-01
-6.005785282258063740e-01
-5.547169354838709099e-01
-5.260475806451613279e-01
-4.938347782258064589e-01
-5.920252016129031736e-01
-4.376053427419354103e-01
-5.301251008064515879e-01
-3.568696572580645765e-01
-4.995054435483870514e-01
-4.780587701612902807e-01
-4.507200604838709768e-01
-4.883410282258064394e-01
-4.021115927419354752e-01
-4.838652217741935546e-01
-3.842083669354839359e-01
-3.201810483870968227e-01
-4.232455645161289914e-01
-3.174341733870967297e-01
-4.035278225806451236e-01
-3.501810483870967938e-01
-2.608920362903226486e-01
-3.780538306451612374e-01
-4.694198588709677100e-01
-3.785377016129032324e-01
-4.241779233870967558e-01
-3.990520161290322942e-01
-4.116828629032257547e-01
-3.546568548387096231e-01
-3.600148185483871277e-01
-2.743194556451613031e-01
-4.102666330645161064e-01
-2.438355846774193370e-01
-3.250551411290323323e-01
-2.873485887096773883e-01
-3.392791330645161252e-01
-2.438355846774193370e-01
-2.877468750000000131e-01
-3.165018145161290763e-01
-2.940371975806451710e-01
-2.815421370967741699e-01
-3.644050403225805868e-01
-3.017939516129031774e-01
-2.815421370967742254e-01
-2.850855846774192903e-01
-3.133566532258064696e-01
-2.231854838709677602e-01
-2.438355846774193925e-01
-2.815421370967742254e-01
-2.806599798387096611e-01
-3.043194556451612742e-01
-2.743194556451613031e-01
-2.017388104838709895e-01
-2.694453629032257935e-01
-2.846872983870968321e-01
-2.618243951612903020e-01
-2.034677419354838368e-01
-2.577468750000000419e-01
-2.546017137096773797e-01
-2.110887096774193561e-01
-1.985936491935484105e-01
-2.657661290322580472e-01
-1.564112903225806372e-01
-1.792741935483871396e-01
-2.631550403225806356e-01
-2.200403225806451535e-01
-2.590775201612902645e-01
-2.348839717741935673e-01
-1.971774193548386511e-01
-2.501259072580645504e-01
-1.169758064516128876e-01
-2.034677419354838368e-01
-1.900403225806451546e-01
-2.187096774193547644e-01
-1.887096774193548210e-01
-2.106904233870967591e-01
-1.792741935483870563e-01
-1.443145161290322054e-01
-1.138306451612903225e-01
-1.443145161290322331e-01
-2.097580645161290502e-01
-1.671774193548387077e-01
-2.433870967741935953e-01
-1.716532258064515926e-01
-2.321370967741935853e-01
-2.272630040322580480e-01
-1.671774193548386522e-01
-1.658467741935483464e-01
-1.532661290322580860e-01
-1.837499999999999689e-01
-1.927016129032257941e-01
-1.820210685483870938e-01
-1.604888104838709806e-01
-1.245967741935483653e-01
-1.564112903225806372e-01
-1.824193548387096353e-01
-1.627016129032257952e-01
-1.304032258064516114e-01
-1.366935483870967694e-01
-1.017338709677419045e-01
-1.747983870967741715e-01
-1.622177419354838557e-01
-1.640322580645161288e-01
-2.097580645161290225e-01
-8.830645161290322231e-02
-1.761290322580644774e-01
-1.519354838709677524e-01
-1.322177419354838290e-01
-1.093548387096774099e-01
-1.564112903225806372e-01
-1.201209677419354527e-01
-1.335483870967741904e-01
-1.093548387096773961e-01
-1.595564516129031885e-01
-1.169758064516128876e-01
-1.048790322580644974e-01
-1.640322580645161565e-01
-1.201209677419354527e-01
-1.564112903225806372e-01
-1.093548387096774099e-01
-6.991935483870967416e-02
-1.532661290322580305e-01
-1.138306451612903086e-01
-1.124999999999999750e-01
-1.501209677419354516e-01
-1.322177419354838568e-01
-1.380241935483870475e-01
-7.439516129032257286e-02
-1.411693548387096542e-01
-8.830645161290320844e-02
-6.229838709677419650e-02
-1.537499999999999700e-01
-1.366935483870967694e-01
-5.020161290322580627e-02
-1.232661290322580316e-01
-1.308870967741935232e-01
-1.627016129032257952e-01
-9.411290322580645462e-02
-1.245967741935483653e-01
-9.145161290322578740e-02
-1.138306451612903086e-01
-1.443145161290322609e-01
-1.156451612903225540e-01
-6.096774193548386983e-02
-6.677419354838709520e-02
-6.677419354838709520e-02
-6.096774193548386983e-02
-8.516129032258062947e-02
-8.963709677419354205e-02
-1.080241935483870624e-01
-3.810483870967741604e-02
-1.111693548387096414e-01
-1.124999999999999750e-01
-1.004032258064515987e-01
-1.004032258064515848e-01
-1.322177419354838290e-01
-5.334677419354838523e-02
-1.004032258064515987e-01
-6.544354838709677546e-02
-7.306451612903225312e-02
-1.322177419354838290e-01
-5.782258064516129087e-02
-8.068548387096773078e-02
-1.214516129032257863e-01
-9.858870967741935332e-02
-3.048387096774193492e-02
-7.754032258064515182e-02
-1.093548387096774238e-01
-1.398387096774193206e-01
-8.068548387096773078e-02
-9.145161290322578740e-02
-8.201612903225806439e-02
-6.544354838709677546e-02
-5.153225806451613294e-02
-6.991935483870967416e-02
-7.754032258064515182e-02
-6.991935483870967416e-02
-6.544354838709677546e-02
-7.754032258064515182e-02
-6.544354838709677546e-02
-4.705645161290322731e-02
-5.467741935483871191e-02
-1.048790322580644835e-01
-6.858870967741935443e-02
-8.383064516129030974e-02
-5.782258064516129087e-02
-5.020161290322580627e-02
-6.544354838709677546e-02
-8.963709677419352817e-02
-7.620967741935483208e-02
-1.156451612903225540e-01
-7.754032258064516570e-02
-6.544354838709677546e-02
-3.048387096774193492e-02
-5.334677419354838523e-02
-8.963709677419354205e-02
-8.830645161290320844e-02
-4.705645161290322731e-02
-2.286290322580645032e-02
-4.572580645161290064e-02
-4.572580645161290064e-02
-5.782258064516129087e-02
-8.963709677419354205e-02
-4.572580645161290064e-02
-6.096774193548386983e-02
-9.145161290322578740e-02
-3.048387096774193492e-02
-6.544354838709677546e-02
-6.858870967741935443e-02
-6.991935483870967416e-02
-4.572580645161290064e-02
-4.572580645161290064e-02
-1.035483870967741638e-01
-4.572580645161290064e-02
-3.810483870967741604e-02
-7.754032258064516570e-02
-6.858870967741935443e-02
-9.278225806451610713e-02
-3.943548387096774271e-02
-1.124999999999999611e-01
-7.620967741935483729e-03
-7.620967741935483208e-02
-6.096774193548386983e-02
-4.572580645161290064e-02
-3.810483870967741604e-02
-3.810483870967741604e-02
-3.048387096774193492e-02
-2.286290322580645032e-02
-3.048387096774193492e-02
-5.334677419354838523e-02
-3.810483870967741604e-02
-3.048387096774193492e-02
-4.572580645161290064e-02
-4.572580645161290064e-02
-5.334677419354838523e-02
-1.524193548387096746e-02
-8.201612903225806439e-02
-1.524193548387096746e-02
-3.048387096774193492e-02
-5.782258064516129087e-02
-3.810483870967741604e-02
-5.782258064516129087e-02
-7.620967741935483729e-03
-3.048387096774193492e-02
-4.572580645161290064e-02
-3.495967741935483708e-02
-2.286290322580645032e-02
-6.096774193548386983e-02
-5.020161290322580627e-02
-3.048387096774193492e-02
-5.020161290322580627e-02
-5.020161290322580627e-02
-7.620967741935483729e-03
-3.495967741935483708e-02
-2.733870967741935595e-02
-4.572580645161290064e-02
-3.048387096774193492e-02
-7.620967741935483729e-03
-2.286290322580645032e-02
-2.286290322580645032e-02
-5.020161290322580627e-02
-2.286290322580645032e-02
-1.524193548387096746e-02
-4.258064516129032168e-02
-3.048387096774193492e-02
-1.524193548387096746e-02
-4.572580645161290064e-02
-5.334677419354838523e-02
-3.810483870967741604e-02
-4.705645161290322731e-02
-2.286290322580645032e-02
-3.810483870967741604e-02
-2.286290322580645032e-02
-2.286290322580645032e-02
-1.524193548387096746e-02
-7.620967741935483729e-03
0.000000000000000000e+00
-5.782258064516129087e-02
-2.286290322580645032e-02
-4.258064516129032168e-02
-1.209677419354838850e-02
-7.620967741935483729e-03
-2.286290322580645032e-02
-2.286290322580645032e-02
-2.286290322580645032e-02
-1.524193548387096746e-02
-1.524193548387096746e-02
0.000000000000000000e+00
-1.524193548387096746e-02
-5.020161290322580627e-02
-1.524193548387096746e-02
-4.572580645161290064e-02
-1.524193548387096746e-02
-2.286290322580645032e-02
-2.286290322580645032e-02
-2.286290322580645032e-02
-3.810483870967741604e-02
-2.286290322580645032e-02
-7.620967741935483729e-03
-7.620967741935483729e-03
-3.048387096774193492e-02
0.000000000000000000e+00
-7.620967741935483729e-03
-7.620967741935483729e-03
-7.620967741935483729e-03
-7.620967741935483729e-03
-1.524193548387096746e-02
-1.524193548387096746e-02
-7.620967741935483729e-03
-3.048387096774193492e-02
-1.524193548387096746e-02
-7.620967741935483729e-03
-1.524193548387096746e-02
-7.620967741935483729e-03
0.000000000000000000e+00
0.000000000000000000e+00
-1.524193548387096746e-02
-1.524193548387096746e-02
-7.620967741935483729e-03
-7.620967741935483729e-03
-3.048387096774193492e-02
-2.286290322580645032e-02
-3.048387096774193492e-02
0.000000000000000000e+00
-7.620967741935483729e-03
-1.524193548387096746e-02
-7.620967741935483729e-03
-1.971774193548387136e-02
0.000000000000000000e+00
0.000000000000000000e+00
-1.524193548387096746e-02
-7.620967741935483729e-03
0.000000000000000000e+00
-7.620967741935483729e-03
-2.286290322580645032e-02
-1.524193548387096746e-02
-1.524193548387096746e-02
0.000000000000000000e+00
-2.286290322580645032e-02
-3.048387096774193492e-02
-7.620967741935483729e-03
-7.620967741935483729e-03
0.000000000000000000e+00
-1.524193548387096746e-02
0.000000000000000000e+00
-1.524193548387096746e-02
0.000000000000000000e+00
-2.286290322580645032e-02
0.000000000000000000e+00
-3.048387096774193492e-02
-7.620967741935483729e-03
-1.524193548387096746e-02
-7.620967741935483729e-03
-1.524193548387096746e-02
-1.524193548387096746e-02
-7.620967741935483729e-03
0.000000000000000000e+00
-7.620967741935483729e-03
-7.620967741935483729e-03
-7.620967741935483729e-03
-7.620967741935483729e-03
0.000000000000000000e+00
0.000000000000000000e+00
-7.620967741935483729e-03
-7.620967741935483729e-03
-2.286290322580645032e-02
-7.620967741935483729e-03
-2.286290322580645032e-02
-1.524193548387096746e-02
0.000000000000000000e+00
-2.286290322580645032e-02
-1.524193548387096746e-02
0.000000000000000000e+00
-2.286290322580645032e-02
-7.620967741935483729e-03
-7.620967741935483729e-03
0.000000000000000000e+00
-2.286290322580645032e-02
-7.620967741935483729e-03
0.000000000000000000e+00
0.000000000000000000e+00
-7.620967741935483729e-03
-1.209677419354838850e-02
0.000000000000000000e+00
-7.620967741935483729e-03
-7.620967741935483729e-03
0.000000000000000000e+00
-2.286290322580645032e-02
0.000000000000000000e+00
-7.620967741935483729e-03
0.000000000000000000e+00
0.000000000000000000e+00
-7.620967741935483729e-03
-1.524193548387096746e-02
0.000000000000000000e+00
-7.620967741935483729e-03
0.000000000000000000e+00
0.000000000000000000e+00
-1.524193548387096746e-02
0.000000000000000000e+00
0.000000000000000000e+00
0.000000000000000000e+00
0.000000000000000000e+00
0.000000000000000000e+00
0.000000000000000000e+00
-7.620967741935483729e-03
-7.620967741935483729e-03
-7.620967741935483729e-03
0.000000000000000000e+00
0.000000000000000000e+00
-7.620967741935483729e-03
-7.620967741935483729e-03
-7.620967741935483729e-03
0.000000000000000000e+00
0.000000000000000000e+00
-1.524193548387096746e-02
-7.620967741935483729e-03
0.000000000000000000e+00
0.000000000000000000e+00
-7.620967741935483729e-03
0.000000000000000000e+00
-7.620967741935483729e-03
0.000000000000000000e+00
0.000000000000000000e+00
-7.620967741935483729e-03
0.000000000000000000e+00
-7.620967741935483729e-03
-7.620967741935483729e-03
0.000000000000000000e+00
0.000000000000000000e+00
0.000000000000000000e+00
-7.620967741935483729e-03
-7.620967741935483729e-03
0.000000000000000000e+00
-3.048387096774193492e-02
0.000000000000000000e+00
0.000000000000000000e+00
0.000000000000000000e+00
0.000000000000000000e+00
0.000000000000000000e+00
0.000000000000000000e+00
-7.620967741935483729e-03
0.000000000000000000e+00
0.000000000000000000e+00
0.000000000000000000e+00
0.000000000000000000e+00
-7.620967741935483729e-03
0.000000000000000000e+00
-7.620967741935483729e-03
0.000000000000000000e+00
0.000000000000000000e+00
-7.620967741935483729e-03
0.000000000000000000e+00
-7.620967741935483729e-03
0.000000000000000000e+00
0.000000000000000000e+00
0.000000000000000000e+00
0.000000000000000000e+00
0.000000000000000000e+00
0.000000000000000000e+00
0.000000000000000000e+00
0.000000000000000000e+00
-7.620967741935483729e-03
0.000000000000000000e+00
0.000000000000000000e+00
0.000000000000000000e+00
0.000000000000000000e+00
0.000000000000000000e+00
0.000000000000000000e+00
0.000000000000000000e+00
0.000000000000000000e+00
0.000000000000000000e+00
0.000000000000000000e+00
0.000000000000000000e+00
0.000000000000000000e+00
0.000000000000000000e+00
0.000000000000000000e+00
0.000000000000000000e+00
0.000000000000000000e+00
0.000000000000000000e+00
0.000000000000000000e+00
0.000000000000000000e+00
0.000000000000000000e+00
-7.620967741935483729e-03
0.000000000000000000e+00
0.000000000000000000e+00
0.000000000000000000e+00
0.000000000000000000e+00
-7.620967741935483729e-03
0.000000000000000000e+00
0.000000000000000000e+00
0.000000000000000000e+00
0.000000000000000000e+00
0.000000000000000000e+00
-7.620967741935483729e-03
-7.620967741935483729e-03
0.000000000000000000e+00
0.000000000000000000e+00
0.000000000000000000e+00
0.000000000000000000e+00
-7.620967741935483729e-03
0.000000000000000000e+00
-7.620967741935483729e-03
0.000000000000000000e+00
0.000000000000000000e+00
0.000000000000000000e+00
0.000000000000000000e+00
0.000000000000000000e+00
0.000000000000000000e+00
0.000000000000000000e+00
-1.209677419354838850e-02
-7.620967741935483729e-03
0.000000000000000000e+00
0.000000000000000000e+00
0.000000000000000000e+00
0.000000000000000000e+00
0.000000000000000000e+00
0.000000000000000000e+00
0.000000000000000000e+00
0.000000000000000000e+00
0.000000000000000000e+00
0.000000000000000000e+00
0.000000000000000000e+00
0.000000000000000000e+00
0.000000000000000000e+00
0.000000000000000000e+00
0.000000000000000000e+00
0.000000000000000000e+00
0.000000000000000000e+00
0.000000000000000000e+00
0.000000000000000000e+00
0.000000000000000000e+00
0.000000000000000000e+00
0.000000000000000000e+00
0.000000000000000000e+00
0.000000000000000000e+00
0.000000000000000000e+00
0.000000000000000000e+00
0.000000000000000000e+00
0.000000000000000000e+00
0.000000000000000000e+00
0.000000000000000000e+00
-7.620967741935483729e-03
-7.620967741935483729e-03
0.000000000000000000e+00
0.000000000000000000e+00
0.000000000000000000e+00
0.000000000000000000e+00
0.000000000000000000e+00
0.000000000000000000e+00
0.000000000000000000e+00
0.000000000000000000e+00
0.000000000000000000e+00
0.000000000000000000e+00
0.000000000000000000e+00
0.000000000000000000e+00
0.000000000000000000e+00
0.000000000000000000e+00
0.000000000000000000e+00
0.000000000000000000e+00
0.000000000000000000e+00
0.000000000000000000e+00
0.000000000000000000e+00
0.000000000000000000e+00
0.000000000000000000e+00
0.000000000000000000e+00
-7.620967741935483729e-03
0.000000000000000000e+00
0.000000000000000000e+00
0.000000000000000000e+00
0.000000000000000000e+00
0.000000000000000000e+00
0.000000000000000000e+00
-7.620967741935483729e-03
0.000000000000000000e+00
0.000000000000000000e+00
0.000000000000000000e+00
0.000000000000000000e+00
0.000000000000000000e+00
0.000000000000000000e+00
0.000000000000000000e+00
0.000000000000000000e+00
-7.620967741935483729e-03
0.000000000000000000e+00
0.000000000000000000e+00
