-7.796404233870968259e-01
-6.280530241935482483e-01
-6.422770161290322077e-01
-4.946313508064515974e-01
-5.453670362903225710e-01
-5.281747983870968000e-01
-5.946864919354838408e-01
-6.033254032258064115e-01
-6.517124999999999169e-01
-5.798428427419353159e-01
-6.050543346774192033e-01
-5.462993951612903354e-01
-4.713701612903226090e-01
-4.395556451612903093e-01
-7.361274193548387190e-01
-5.462993951612904464e-01
-5.570655241935483781e-01
-4.838652217741935546e-01
-5.757653225806451669e-01
-5.472317540322579887e-01
-5.398732862903224961e-01
-5.004378024193548713e-01
-4.537796370967741577e-01
-4.169552419354838335e-01
-5.332702620967741947e-01
-4.642330645161291125e-01
-4.303826612903225435e-01
-4.421667338709677764e-01
-4.282554435483870714e-01
-4.380892137096774608e-01
-4.842635080645161239e-01
-3.882858870967741960e-01
-4.048584677419355127e-01
-3.438405241935483803e-01
-3.626761088709677394e-01
-4.545762096774193517e-01
-3.029888104838709961e-01
-3.568696572580645210e-01
-4.201004032258063847e-01
-4.744297379032257345e-01
-4.958262096774193606e-01
-3.824794354838710331e-01
-5.039812499999998252e-01
-3.367536290322580839e-01
-2.721066532258064607e-01
-2.542034274193548105e-01
-4.901555443548387681e-01
-3.685681451612903836e-01
-2.824744959677418787e-01
-4.372070564516128410e-01
-2.622226814516129267e-01
-3.406097782258064033e-01
-2.483113911290322218e-01
-3.084825604838710156e-01
-2.878324596774194388e-01
-3.204937499999999662e-01
-3.138907258064516648e-01
-3.088808467741935848e-01
-2.304081653225806270e-01
-2.823387096774193084e-01
-3.219099798387096700e-01
-2.573485887096774727e-01
-2.290775201612902934e-01
-2.304081653225806547e-01
-2.263306451612903669e-01
-2.183113911290322506e-01
-2.689112903225806539e-01
-2.110887096774193838e-01
-2.668342741935483819e-01
-2.787952620967741879e-01
-2.092741935483870830e-01
-1.913709677419354882e-01
-1.868951612903225756e-01
-2.030694556451612676e-01
-1.999242943548387164e-01
-2.241178427419354691e-01
-2.317388104838709051e-01
-2.187096774193548476e-01
-2.021370967741935587e-01
-2.397580645161290214e-01
-2.442338709677419339e-01
-2.214565524193549129e-01
-2.473790322580645129e-01
-2.635533266129032048e-01
-2.187096774193548476e-01
-2.079435483870967494e-01
-2.155645161290322687e-01
-2.456501008064515823e-01
-1.985936491935483827e-01
-2.550000000000000044e-01
-2.483113911290321940e-01
-2.034677419354838368e-01
-1.761290322580644774e-01
-1.743145161290322320e-01
-1.999242943548387164e-01
-1.734677419354838657e-01
-1.958467741935483175e-01
-2.168951612903226023e-01
-1.747983870967742270e-01
-1.591581653225806192e-01
-2.366129032258064147e-01
-1.846823588709677333e-01
-2.062146169354838743e-01
-2.715725806451612101e-01
-1.989919354838709797e-01
-1.245967741935483653e-01
-1.882258064516128815e-01
-1.971774193548387344e-01
-1.913709677419354604e-01
-1.779435483870967782e-01
-1.743145161290322320e-01
-1.411693548387096542e-01
-1.456451612903225667e-01
-2.142338709677419351e-01
-2.110887096774193283e-01
-1.385080645161289870e-01
-2.124193548387096342e-01
-1.183064516129032212e-01
-1.595564516129032162e-01
-1.774596774193548110e-01
-8.516129032258062947e-02
-1.545967741935483919e-01
-1.761290322580645606e-01
-1.308870967741934954e-01
-2.460483870967741515e-01
-1.577419354838709709e-01
-1.245967741935483791e-01
-1.716532258064515926e-01
-1.487903225806451457e-01
-1.640322580645160455e-01
-1.474596774193548399e-01
-1.747983870967741993e-01
-1.564112903225806095e-01
-2.231854838709677047e-01
-1.747983870967741715e-01
-1.080241935483870763e-01
-6.229838709677419650e-02
-1.353629032258064357e-01
-8.516129032258064335e-02
-1.608870967741935221e-01
-1.201209677419354527e-01
-8.068548387096773078e-02
-7.887096774193548543e-02
-1.124999999999999889e-01
-1.366935483870967416e-01
-1.264112903225806106e-01
-1.169758064516128876e-01
-1.366935483870967694e-01
-1.277419354838709442e-01
-9.725806451612901971e-02
-1.124999999999999750e-01
-4.572580645161290064e-02
-1.017338709677419323e-01
-1.156451612903225401e-01
-5.334677419354838523e-02
-1.322177419354838568e-01
-1.582258064516128826e-01
-1.398387096774193483e-01
-8.963709677419352817e-02
-6.229838709677419650e-02
-1.353629032258064357e-01
-1.264112903225806106e-01
-4.258064516129032168e-02
-1.124999999999999750e-01
-8.201612903225805051e-02
-9.725806451612901971e-02
-9.725806451612901971e-02
-1.685080645161290136e-01
-8.963709677419354205e-02
-5.020161290322580627e-02
-1.004032258064515987e-01
-8.516129032258062947e-02
-5.782258064516129087e-02
-8.516129032258064335e-02
-1.156451612903225540e-01
-1.201209677419354388e-01
-6.677419354838709520e-02
-1.048790322580644974e-01
-5.782258064516129087e-02
-1.183064516129032212e-01
-5.782258064516129087e-02
-8.201612903225806439e-02
-5.782258064516129087e-02
-6.544354838709677546e-02
-5.467741935483871191e-02
-6.229838709677419650e-02
-8.649193548387096309e-02
-1.124999999999999611e-01
-6.991935483870967416e-02
-8.830645161290320844e-02
-9.725806451612901971e-02
-1.048790322580645112e-01
-5.020161290322580627e-02
-1.353629032258064080e-01
-8.068548387096773078e-02
-6.991935483870967416e-02
-7.306451612903225312e-02
-1.232661290322580316e-01
-4.258064516129032168e-02
-5.467741935483871191e-02
-9.278225806451610713e-02
-6.991935483870967416e-02
-5.782258064516129087e-02
-6.991935483870967416e-02
-1.156451612903225401e-01
-5.020161290322580627e-02
-6.858870967741935443e-02
-8.068548387096773078e-02
-5.334677419354838523e-02
-4.258064516129032168e-02
-3.495967741935483708e-02
-1.524193548387096746e-02
-5.782258064516129087e-02
-3.048387096774193492e-02
-6.229838709677419650e-02
-5.334677419354838523e-02
-6.096774193548386983e-02
-4.572580645161290064e-02
-5.782258064516129087e-02
-6.858870967741935443e-02
-5.334677419354838523e-02
-3.048387096774193492e-02
-5.467741935483871191e-02
-7.306451612903225312e-02
-5.782258064516129087e-02
-3.810483870967741604e-02
-2.286290322580645032e-02
-5.020161290322580627e-02
-4.572580645161290064e-02
-3.048387096774193492e-02
-3.048387096774193492e-02
-6.096774193548386983e-02
-2.286290322580645032e-02
-4.705645161290322731e-02
-7.125000000000000777e-02
-7.620967741935483729e-03
-6.229838709677419650e-02
-6.544354838709677546e-02
-3.495967741935483708e-02
-3.943548387096774271e-02
-5.467741935483871191e-02
-4.572580645161290064e-02
-6.677419354838709520e-02
-6.991935483870967416e-02
-6.544354838709677546e-02
-3.810483870967741604e-02
-4.572580645161290064e-02
-3.495967741935483708e-02
-3.048387096774193492e-02
-8.830645161290320844e-02
-2.733870967741935595e-02
-3.943548387096774271e-02
-6.544354838709677546e-02
-3.048387096774193492e-02
-5.020161290322580627e-02
-4.258064516129032168e-02
-5.467741935483871191e-02
-3.810483870967741604e-02
-1.524193548387096746e-02
-5.334677419354838523e-02
-2.733870967741935595e-02
-3.048387096774193492e-02
-2.286290322580645032e-02
-2.286290322580645032e-02
-5.782258064516129087e-02
-1.524193548387096746e-02
-3.495967741935483708e-02
-1.524193548387096746e-02
-2.286290322580645032e-02
-3.048387096774193492e-02
-1.524193548387096746e-02
-7.620967741935483729e-03
-2.286290322580645032e-02
-4.572580645161290064e-02
-3.048387096774193492e-02
-5.782258064516129087e-02
-2.286290322580645032e-02
-4.258064516129032168e-02
-2.419354838709677699e-02
-3.810483870967741604e-02
-1.524193548387096746e-02
-1.971774193548387136e-02
-3.810483870967741604e-02
-7.620967741935483729e-03
-3.048387096774193492e-02
-2.286290322580645032e-02
-2.286290322580645032e-02
-3.810483870967741604e-02
-5.467741935483871191e-02
0.000000000000000000e+00
-1.971774193548387136e-02
-1.524193548387096746e-02
-3.810483870967741604e-02
-1.971774193548387136e-02
-1.524193548387096746e-02
-2.419354838709677699e-02
0.000000000000000000e+00
-3.048387096774193492e-02
-3.495967741935483708e-02
-2.286290322580645032e-02
-1.524193548387096746e-02
-1.524193548387096746e-02
-3.048387096774193492e-02
-7.620967741935483729e-03
-2.286290322580645032e-02
-2.286290322580645032e-02
-3.810483870967741604e-02
-1.524193548387096746e-02
-7.620967741935483729e-03
-1.524193548387096746e-02
-2.286290322580645032e-02
-1.524193548387096746e-02
-1.524193548387096746e-02
-5.334677419354838523e-02
-2.286290322580645032e-02
-7.620967741935483729e-03
-3.810483870967741604e-02
-3.048387096774193492e-02
-1.524193548387096746e-02
-7.620967741935483729e-03
0.000000000000000000e+00
-2.286290322580645032e-02
-7.620967741935483729e-03
-7.620967741935483729e-03
-1.524193548387096746e-02
-7.620967741935483729e-03
-1.524193548387096746e-02
0.000000000000000000e+00
-2.286290322580645032e-02
-3.048387096774193492e-02
0.000000000000000000e+00
-7.620967741935483729e-03
0.000000000000000000e+00
-3.048387096774193492e-02
-2.286290322580645032e-02
-1.209677419354838850e-02
-2.286290322580645032e-02
-7.620967741935483729e-03
0.000000000000000000e+00
-7.620967741935483729e-03
-7.620967741935483729e-03
-1.524193548387096746e-02
-1.524193548387096746e-02
-2.286290322580645032e-02
0.000000000000000000e+00
-1.524193548387096746e-02
-7.620967741935483729e-03
-7.620967741935483729e-03
-7.620967741935483729e-03
-1.524193548387096746e-02
-1.524193548387096746e-02
-1.524193548387096746e-02
-1.524193548387096746e-02
-3.810483870967741604e-02
-1.209677419354838850e-02
-7.620967741935483729e-03
-7.620967741935483729e-03
-1.524193548387096746e-02
-2.286290322580645032e-02
-7.620967741935483729e-03
-7.620967741935483729e-03
-1.971774193548387136e-02
0.000000000000000000e+00
0.000000000000000000e+00
-7.620967741935483729e-03
-7.620967741935483729e-03
0.000000000000000000e+00
-2.286290322580645032e-02
-7.620967741935483729e-03
-2.286290322580645032e-02
0.000000000000000000e+00
-2.286290322580645032e-02
-1.524193548387096746e-02
0.000000000000000000e+00
-7.620967741935483729e-03
0.000000000000000000e+00
0.000000000000000000e+00
0.000000000000000000e+00
-7.620967741935483729e-03
0.000000000000000000e+00
0.000000000000000000e+00
0.000000000000000000e+00
0.000000000000000000e+00
-2.286290322580645032e-02
0.000000000000000000e+00
-1.524193548387096746e-02
-7.620967741935483729e-03
0.000000000000000000e+00
0.000000000000000000e+00
-1.524193548387096746e-02
0.000000000000000000e+00
-2.286290322580645032e-02
-7.620967741935483729e-03
0.000000000000000000e+00
-7.620967741935483729e-03
-7.620967741935483729e-03
-2.286290322580645032e-02
0.000000000000000000e+00
0.000000000000000000e+00
0.000000000000000000e+00
-7.620967741935483729e-03
-7.620967741935483729e-03
-1.524193548387096746e-02
0.000000000000000000e+00
0.000000000000000000e+00
0.000000000000000000e+00
-7.620967741935483729e-03
-7.620967741935483729e-03
0.000000000000000000e+00
0.000000000000000000e+00
0.000000000000000000e+00
0.000000000000000000e+00
-1.524193548387096746e-02
-1.524193548387096746e-02
0.000000000000000000e+00
-7.620967741935483729e-03
-7.620967741935483729e-03
-1.524193548387096746e-02
0.000000000000000000e+00
-7.620967741935483729e-03
0.000000000000000000e+00
-7.620967741935483729e-03
-7.620967741935483729e-03
0.000000000000000000e+00
0.000000000000000000e+00
0.000000000000000000e+00
-7.620967741935483729e-03
0.000000000000000000e+00
0.000000000000000000e+00
0.000000000000000000e+00
-7.620967741935483729e-03
0.000000000000000000e+00
-7.620967741935483729e-03
-7.620967741935483729e-03
0.000000000000000000e+00
-7.620967741935483729e-03
0.000000000000000000e+00
0.000000000000000000e+00
-7.620967741935483729e-03
0.000000000000000000e+00
0.000000000000000000e+00
0.000000000000000000e+00
0.000000000000000000e+00
-7.620967741935483729e-03
0.000000000000000000e+00
0.000000000000000000e+00
-7.620967741935483729e-03
0.000000000000000000e+00
-7.620967741935483729e-03
0.000000000000000000e+00
0.000000000000000000e+00
-1.524193548387096746e-02
0.000000000000000000e+00
0.000000000000000000e+00
-7.620967741935483729e-03
0.000000000000000000e+00
-7.620967741935483729e-03
-7.620967741935483729e-03
0.000000000000000000e+00
-7.620967741935483729e-03
-2.286290322580645032e-02
0.000000000000000000e+00
-7.620967741935483729e-03
-7.620967741935483729e-03
0.000000000000000000e+00
0.000000000000000000e+00
-7.620967741935483729e-03
-7.620967741935483729e-03
0.000000000000000000e+00
0.000000000000000000e+00
-7.620967741935483729e-03
0.000000000000000000e+00
0.000000000000000000e+00
0.000000000000000000e+00
0.000000000000000000e+00
0.000000000000000000e+00
-7.620967741935483729e-03
0.000000000000000000e+00
0.000000000000000000e+00
0.000000000000000000e+00
-7.620967741935483729e-03
0.000000000000000000e+00
0.000000000000000000e+00
0.000000000000000000e+00
0.000000000000000000e+00
0.000000000000000000e+00
0.000000000000000000e+00
0.000000000000000000e+00
0.000000000000000000e+00
0.000000000000000000e+00
0.000000000000000000e+00
0.000000000000000000e+00
0.000000000000000000e+00
-7.620967741935483729e-03
0.000000000000000000e+00
-7.620967741935483729e-03
0.000000000000000000e+00
0.000000000000000000e+00
0.000000000000000000e+00
0.000000000000000000e+00
0.000000000000000000e+00
0.000000000000000000e+00
0.000000000000000000e+00
-7.620967741935483729e-03
0.000000000000000000e+00
0.000000000000000000e+00
0.000000000000000000e+00
0.000000000000000000e+00
0.000000000000000000e+00
0.000000000000000000e+00
0.000000000000000000e+00
0.000000000000000000e+00
-7.620967741935483729e-03
0.000000000000000000e+00
-7.620967741935483729e-03
0.000000000000000000e+00
0.000000000000000000e+00
0.000000000000000000e+00
0.000000000000000000e+00
0.000000000000000000e+00
0.000000000000000000e+00
0.000000000000000000e+00
0.000000000000000000e+00
0.000000000000000000e+00
0.000000000000000000e+00
0.000000000000000000e+00
0.000000000000000000e+00
0.000000000000000000e+00
0.000000000000000000e+00
0.000000000000000000e+00
0.000000000000000000e+00
0.000000000000000000e+00
0.000000000000000000e+00
0.000000000000000000e+00
0.000000000000000000e+00
0.000000000000000000e+00
0.000000000000000000e+00
0.000000000000000000e+00
-7.620967741935483729e-03
-7.620967741935483729e-03
0.000000000000000000e+00
0.000000000000000000e+00
-7.620967741935483729e-03
0.000000000000000000e+00
0.000000000000000000e+00
0.000000000000000000e+00
-1.524193548387096746e-02
0.000000000000000000e+00
-7.620967741935483729e-03
0.000000000000000000e+00
0.000000000000000000e+00
-7.620967741935483729e-03
0.000000000000000000e+00
0.000000000000000000e+00
0.000000000000000000e+00
0.000000000000000000e+00
0.000000000000000000e+00
0.000000000000000000e+00
0.000000000000000000e+00
0.000000000000000000e+00
0.000000000000000000e+00
0.000000000000000000e+00
0.000000000000000000e+00
0.000000000000000000e+00
0.000000000000000000e+00
0.000000000000000000e+00
0.000000000000000000e+00
0.000000000000000000e+00
0.000000000000000000e+00
0.000000000000000000e+00
0.000000000000000000e+00
-7.620967741935483729e-03
0.000000000000000000e+00
0.000000000000000000e+00
0.000000000000000000e+00
0.000000000000000000e+00
0.000000000000000000e+00
0.000000000000000000e+00
0.000000000000000000e+00
0.000000000000000000e+00
0.000000000000000000e+00
0.000000000000000000e+00
0.000000000000000000e+00
0.000000000000000000e+00
0.000000000000000000e+00
0.000000000000000000e+00
0.000000000000000000e+00
0.000000000000000000e+00
0.000000000000000000e+00
0.000000000000000000e+00
0.000000000000000000e+00
0.000000000000000000e+00
0.000000000000000000e+00
0.000000000000000000e+00
0.000000000000000000e+00
0.000000000000000000e+00
0.000000000000000000e+00
-7.620967741935483729e-03
0.000000000000000000e+00
0.000000000000000000e+00
