-1.586688067743340591e+00
-1.629403293993180402e+00
-1.901076919402009180e+00
-1.672474436213073234e+00
-1.787397467547048535e+00
-1.482962627713875658e+00
-1.571668294902652585e+00
-1.620406330630525638e+00
-1.759219452008149664e+00
-1.442932819648809817e+00
-1.586937883096164681e+00
-1.420249966086029714e+00
-2.106107872517021917e+00
-1.561630090744597021e+00
-1.749003294496701555e+00
-1.586025021360894849e+00
-1.762968609886179649e+00
-1.502398458163208383e+00
-1.453409359523535116e+00
-1.471663138079275512e+00
-1.618569008774897844e+00
-1.768988877832191386e+00
-1.829397974147260131e+00
-1.174249837396288410e+00
-1.606728653444222665e+00
-1.451076386046979971e+00
-1.643666393076279819e+00
-1.453983604801537100e+00
-1.639840029495001517e+00
-1.825481114026893392e+00
-1.805067939449837677e+00
-1.297898949552857450e+00
-1.127290590536415449e+00
-1.291534538258942044e+00
-1.307512288138682255e+00
-1.312552320401043415e+00
-1.485583788465747013e+00
-8.348161673851351994e-01
-9.094027906377679660e-01
-9.668676628304226917e-01
-1.042372172216625481e+00
-8.326512047455166821e-01
-8.794703853632401813e-01
-9.696058741321632590e-01
-1.387693203669798869e+00
-1.355337490981221915e+00
-1.379309593889227692e+00
-1.385196981446973341e+00
-1.413045467368399200e+00
-1.239030896103607393e+00
-8.822949169449154638e-01
-8.835707445157463535e-01
-8.834296953481756143e-01
-8.670530308230252059e-01
-8.810539040570385394e-01
-8.308694720182547844e-01
-8.658339567940269710e-01
-8.969226949508063429e-01
-8.512032336351936790e-01
-9.003092847891491779e-01
-1.042259329986376271e+00
-8.773896057010595051e-01
-1.120226080548969216e+00
-1.291292347415555763e+00
-1.371309739551346940e+00
-1.530423847187734054e+00
-1.282675770025119677e+00
-1.278604603762032887e+00
-1.282675770025119677e+00
-1.311616796249493122e+00
-1.405474642796207263e+00
-1.546455784341459472e+00
-1.191144578198300774e+00
-1.278604603762032887e+00
-1.284974326755993213e+00
-1.278604603762032887e+00
-1.181662484444347960e+00
-1.178030940740852017e+00
-1.241039291142965295e+00
-1.215628086978033373e+00
-1.189833840623710781e+00
-1.185070991306646837e+00
-1.165749327818931480e+00
-1.143524149186971872e+00
-1.067939251281750712e+00
-9.812457471713614821e-01
-1.027384149037382954e+00
-8.599983564713209461e-01
-9.903712620103496400e-01
-9.354775638006216365e-01
-9.443719884585765056e-01
-8.627555981167284171e-01
-9.513339700357532625e-01
-1.067571183390148226e+00
-1.108302738558643474e+00
-1.187520648635141063e+00
-1.142272970846801128e+00
-9.729522803287872224e-01
-1.154492806607244626e+00
-1.191144578198300774e+00
-1.124620660580381681e+00
-1.178030940740852017e+00
-1.181216187453450805e+00
-1.208870579260943767e+00
-1.104153045794555865e+00
-1.030044409623309676e+00
-1.100767787754336480e+00
-1.113124933857967180e+00
-1.179122063799812103e+00
-1.178231694553745879e+00
-1.178030940740852017e+00
-1.235976690401064726e+00
-1.202686083769238801e+00
-1.180897809430984102e+00
-1.230454011046966389e+00
-1.227677518199233875e+00
-1.256481249215583240e+00
-1.198931093180921170e+00
-1.198931093180921170e+00
-1.278604603762032887e+00
-1.188311136063205931e+00
-1.252124749371288814e+00
-1.269562876294543674e+00
-1.187520648635141063e+00
-1.087585548227901544e+00
-1.211833843104418440e+00
-1.123735311479404642e+00
-1.109815405428389523e+00
-1.198931093180921170e+00
-1.182519332244228893e+00
-1.198931093180921170e+00
-1.278604603762032887e+00
-1.180897809430984102e+00
-1.282675770025119677e+00
-1.278604603762032887e+00
-1.278604603762032887e+00
-1.188311136063205931e+00
-1.278604603762032887e+00
-1.278604603762032887e+00
-1.215628086978033373e+00
-1.278604603762032887e+00
-1.198931093180921170e+00
-1.180897809430984102e+00
-1.198931093180921170e+00
-1.282675770025119677e+00
-1.278604603762032887e+00
-1.278604603762032887e+00
-1.278604603762032887e+00
-1.278604603762032887e+00
-1.211231802294769233e+00
-1.278604603762032887e+00
-1.180897809430984102e+00
-1.278604603762032887e+00
-1.278604603762032887e+00
-1.228705283991887054e+00
-1.282675770025119677e+00
-1.278604603762032887e+00
-1.278604603762032887e+00
-1.278604603762032887e+00
-1.211231802294769233e+00
-1.278604603762032887e+00
-1.278604603762032887e+00
-1.278604603762032887e+00
-1.223893675714291085e+00
-1.180897809430984102e+00
-1.278604603762032887e+00
-1.278604603762032887e+00
-1.278604603762032887e+00
-1.282675770025119677e+00
-1.278604603762032887e+00
-1.201216443328676720e+00
-1.282675770025119677e+00
-1.278604603762032887e+00
-1.278604603762032887e+00
-1.278604603762032887e+00
-1.278604603762032887e+00
-1.282675770025119677e+00
-1.278604603762032887e+00
-1.278604603762032887e+00
-1.278604603762032887e+00
-1.282675770025119677e+00
-1.278604603762032887e+00
-1.278604603762032887e+00
-1.198931093180921170e+00
-1.278604603762032887e+00
-1.211231802294769233e+00
-1.211231802294769233e+00
-1.278604603762032887e+00
-1.282675770025119677e+00
-1.188311136063205931e+00
-1.278604603762032887e+00
-1.278604603762032887e+00
-1.278604603762032887e+00
-1.278604603762032887e+00
-1.282675770025119677e+00
-1.278604603762032887e+00
-1.278604603762032887e+00
-1.278604603762032887e+00
-1.278604603762032887e+00
-1.278604603762032887e+00
-1.278604603762032887e+00
-1.211231802294769233e+00
-1.278604603762032887e+00
-1.278604603762032887e+00
-1.278604603762032887e+00
-1.278604603762032887e+00
-1.284974326755993213e+00
-1.278604603762032887e+00
-1.278604603762032887e+00
-1.278604603762032887e+00
-1.278604603762032887e+00
-1.278604603762032887e+00
-1.278604603762032887e+00
-1.278604603762032887e+00
-1.278604603762032887e+00
-1.278604603762032887e+00
-1.282675770025119677e+00
-1.278604603762032887e+00
-1.278604603762032887e+00
-1.278604603762032887e+00
-1.278604603762032887e+00
-1.278604603762032887e+00
-1.278604603762032887e+00
-1.278604603762032887e+00
-1.278604603762032887e+00
-1.278604603762032887e+00
-1.278604603762032887e+00
-1.278604603762032887e+00
-1.284974326755993213e+00
-1.278604603762032887e+00
-1.228705283991887054e+00
-1.278604603762032887e+00
-1.278604603762032887e+00
-1.278604603762032887e+00
-1.278604603762032887e+00
-1.278604603762032887e+00
-1.278604603762032887e+00
-1.278604603762032887e+00
-1.278604603762032887e+00
-1.282675770025119677e+00
-1.278604603762032887e+00
-1.278604603762032887e+00
-1.278604603762032887e+00
-1.211231802294769233e+00
-1.278604603762032887e+00
-1.278604603762032887e+00
-1.278604603762032887e+00
-1.278604603762032887e+00
-1.278604603762032887e+00
-1.278604603762032887e+00
-1.278604603762032887e+00
-1.282675770025119677e+00
-1.278604603762032887e+00
-1.282675770025119677e+00
-1.278604603762032887e+00
-1.278604603762032887e+00
-1.278604603762032887e+00
-1.278604603762032887e+00
-1.278604603762032887e+00
-1.278604603762032887e+00
-1.278604603762032887e+00
-1.278604603762032887e+00
-1.278604603762032887e+00
-1.278604603762032887e+00
-1.278604603762032887e+00
-1.211231802294769233e+00
-1.278604603762032887e+00
-1.278604603762032887e+00
-1.278604603762032887e+00
-1.278604603762032887e+00
-1.278604603762032887e+00
-1.278604603762032887e+00
-1.278604603762032887e+00
-1.278604603762032887e+00
-1.278604603762032887e+00
-1.282675770025119677e+00
-1.278604603762032887e+00
-1.278604603762032887e+00
-1.278604603762032887e+00
-1.235976690401064726e+00
-1.278604603762032887e+00
-1.278604603762032887e+00
-1.278604603762032887e+00
-1.278604603762032887e+00
-1.278604603762032887e+00
-1.278604603762032887e+00
-1.278604603762032887e+00
-1.282675770025119677e+00
-1.278604603762032887e+00
-1.278604603762032887e+00
-1.278604603762032887e+00
-1.278604603762032887e+00
-1.278604603762032887e+00
-1.278604603762032887e+00
-1.278604603762032887e+00
-1.278604603762032887e+00
-1.278604603762032887e+00
-1.278604603762032887e+00
-1.278604603762032887e+00
-1.278604603762032887e+00
-1.278604603762032887e+00
-1.278604603762032887e+00
-1.278604603762032887e+00
-1.278604603762032887e+00
-1.278604603762032887e+00
-1.278604603762032887e+00
-1.278604603762032887e+00
-1.278604603762032887e+00
-1.278604603762032887e+00
-1.278604603762032887e+00
-1.278604603762032887e+00
-1.282675770025119677e+00
-1.278604603762032887e+00
-1.278604603762032887e+00
-1.278604603762032887e+00
-1.278604603762032887e+00
-1.278604603762032887e+00
-1.278604603762032887e+00
-1.198931093180921170e+00
-1.278604603762032887e+00
-1.278604603762032887e+00
-1.278604603762032887e+00
-1.278604603762032887e+00
-1.278604603762032887e+00
-1.278604603762032887e+00
-1.282675770025119677e+00
-1.278604603762032887e+00
-1.278604603762032887e+00
-1.278604603762032887e+00
-1.278604603762032887e+00
-1.278604603762032887e+00
-1.278604603762032887e+00
-1.282675770025119677e+00
-1.278604603762032887e+00
-1.278604603762032887e+00
-1.278604603762032887e+00
-1.278604603762032887e+00
-1.278604603762032887e+00
-1.278604603762032887e+00
-1.278604603762032887e+00
-1.278604603762032887e+00
-1.278604603762032887e+00
-1.278604603762032887e+00
-1.278604603762032887e+00
-1.278604603762032887e+00
-1.278604603762032887e+00
-1.278604603762032887e+00
-1.278604603762032887e+00
-1.278604603762032887e+00
-1.278604603762032887e+00
-1.278604603762032887e+00
-1.278604603762032887e+00
-1.278604603762032887e+00
-1.278604603762032887e+00
-1.278604603762032887e+00
-1.278604603762032887e+00
-1.278604603762032887e+00
-1.278604603762032887e+00
-1.278604603762032887e+00
-1.278604603762032887e+00
-1.278604603762032887e+00
-1.278604603762032887e+00
-1.278604603762032887e+00
-1.278604603762032887e+00
-1.278604603762032887e+00
-1.278604603762032887e+00
-1.278604603762032887e+00
-1.278604603762032887e+00
-1.278604603762032887e+00
-1.278604603762032887e+00
-1.278604603762032887e+00
-1.278604603762032887e+00
-1.282675770025119677e+00
-1.278604603762032887e+00
-1.278604603762032887e+00
-1.278604603762032887e+00
-1.278604603762032887e+00
-1.278604603762032887e+00
-1.278604603762032887e+00
-1.278604603762032887e+00
-1.278604603762032887e+00
-1.278604603762032887e+00
-1.278604603762032887e+00
-1.278604603762032887e+00
-1.278604603762032887e+00
-1.278604603762032887e+00
-1.278604603762032887e+00
-1.278604603762032887e+00
-1.278604603762032887e+00
-1.278604603762032887e+00
-1.282675770025119677e+00
-1.278604603762032887e+00
-1.278604603762032887e+00
-1.278604603762032887e+00
-1.278604603762032887e+00
-1.278604603762032887e+00
-1.278604603762032887e+00
-1.278604603762032887e+00
-1.278604603762032887e+00
-1.278604603762032887e+00
-1.278604603762032887e+00
-1.278604603762032887e+00
-1.278604603762032887e+00
-1.278604603762032887e+00
-1.278604603762032887e+00
-1.278604603762032887e+00
-1.278604603762032887e+00
-1.278604603762032887e+00
-1.278604603762032887e+00
-1.278604603762032887e+00
-1.278604603762032887e+00
-1.278604603762032887e+00
-1.278604603762032887e+00
-1.278604603762032887e+00
-1.278604603762032887e+00
-1.278604603762032887e+00
-1.278604603762032887e+00
-1.278604603762032887e+00
-1.278604603762032887e+00
-1.278604603762032887e+00
-1.278604603762032887e+00
-1.278604603762032887e+00
-1.278604603762032887e+00
-1.278604603762032887e+00
-1.278604603762032887e+00
-1.278604603762032887e+00
-1.278604603762032887e+00
-1.278604603762032887e+00
-1.278604603762032887e+00
-1.278604603762032887e+00
-1.278604603762032887e+00
-1.282675770025119677e+00
-1.278604603762032887e+00
-1.278604603762032887e+00
-1.278604603762032887e+00
-1.278604603762032887e+00
-1.278604603762032887e+00
-1.278604603762032887e+00
-1.278604603762032887e+00
-1.278604603762032887e+00
-1.278604603762032887e+00
-1.278604603762032887e+00
-1.278604603762032887e+00
-1.278604603762032887e+00
-1.278604603762032887e+00
-1.278604603762032887e+00
-1.278604603762032887e+00
-1.278604603762032887e+00
-1.278604603762032887e+00
-1.278604603762032887e+00
-1.278604603762032887e+00
-1.278604603762032887e+00
-1.278604603762032887e+00
-1.278604603762032887e+00
-1.278604603762032887e+00
-1.278604603762032887e+00
-1.278604603762032887e+00
-1.278604603762032887e+00
-1.278604603762032887e+00
-1.278604603762032887e+00
-1.278604603762032887e+00
-1.278604603762032887e+00
-1.278604603762032887e+00
-1.278604603762032887e+00
-1.278604603762032887e+00
-1.278604603762032887e+00
-1.278604603762032887e+00
-1.278604603762032887e+00
-1.278604603762032887e+00
-1.278604603762032887e+00
-1.278604603762032887e+00
-1.278604603762032887e+00
-1.278604603762032887e+00
-1.278604603762032887e+00
-1.278604603762032887e+00
-1.278604603762032887e+00
-1.278604603762032887e+00
-1.278604603762032887e+00
-1.278604603762032887e+00
-1.278604603762032887e+00
-1.278604603762032887e+00
-1.278604603762032887e+00
-1.278604603762032887e+00
-1.278604603762032887e+00
-1.278604603762032887e+00
-1.278604603762032887e+00
-1.278604603762032887e+00
-1.278604603762032887e+00
-1.278604603762032887e+00
-1.278604603762032887e+00
-1.278604603762032887e+00
-1.278604603762032887e+00
-1.278604603762032887e+00
-1.278604603762032887e+00
-1.278604603762032887e+00
-1.278604603762032887e+00
-1.278604603762032887e+00
-1.278604603762032887e+00
-1.278604603762032887e+00
-1.278604603762032887e+00
-1.278604603762032887e+00
-1.278604603762032887e+00
-1.278604603762032887e+00
-1.278604603762032887e+00
-1.278604603762032887e+00
-1.278604603762032887e+00
-1.278604603762032887e+00
-1.278604603762032887e+00
-1.278604603762032887e+00
-1.278604603762032887e+00
-1.278604603762032887e+00
-1.278604603762032887e+00
-1.278604603762032887e+00
-1.278604603762032887e+00
-1.278604603762032887e+00
-1.278604603762032887e+00
-1.278604603762032887e+00
-1.278604603762032887e+00
-1.278604603762032887e+00
-1.278604603762032887e+00
-1.278604603762032887e+00
-1.278604603762032887e+00
-1.278604603762032887e+00
-1.278604603762032887e+00
-1.278604603762032887e+00
-1.278604603762032887e+00
-1.278604603762032887e+00
-1.278604603762032887e+00
-1.278604603762032887e+00
-1.278604603762032887e+00
-1.278604603762032887e+00
-1.278604603762032887e+00
-1.278604603762032887e+00
-1.282675770025119677e+00
-1.278604603762032887e+00
-1.278604603762032887e+00
-1.278604603762032887e+00
-1.278604603762032887e+00
-1.278604603762032887e+00
-1.278604603762032887e+00
-1.278604603762032887e+00
-1.278604603762032887e+00
-1.278604603762032887e+00
-1.278604603762032887e+00
-1.278604603762032887e+00
-1.278604603762032887e+00
-1.278604603762032887e+00
-1.278604603762032887e+00
-1.278604603762032887e+00
-1.278604603762032887e+00
-1.278604603762032887e+00
-1.278604603762032887e+00
-1.278604603762032887e+00
-1.278604603762032887e+00
-1.278604603762032887e+00
-1.278604603762032887e+00
-1.278604603762032887e+00
-1.278604603762032887e+00
-1.278604603762032887e+00
-1.278604603762032887e+00
-1.278604603762032887e+00
-1.278604603762032887e+00
-1.278604603762032887e+00
-1.278604603762032887e+00
-1.278604603762032887e+00
-1.278604603762032887e+00
-1.278604603762032887e+00
-1.278604603762032887e+00
-1.278604603762032887e+00
-1.278604603762032887e+00
-1.278604603762032887e+00
-1.278604603762032887e+00
-1.278604603762032887e+00
-1.278604603762032887e+00
-1.278604603762032887e+00
-1.278604603762032887e+00
-1.278604603762032887e+00
-1.278604603762032887e+00
-1.278604603762032887e+00
-1.278604603762032887e+00
-1.278604603762032887e+00
-1.278604603762032887e+00
-1.278604603762032887e+00
-1.278604603762032887e+00
-1.278604603762032887e+00
-1.278604603762032887e+00
-1.278604603762032887e+00
-1.278604603762032887e+00
-1.278604603762032887e+00
-1.278604603762032887e+00
-1.278604603762032887e+00
-1.278604603762032887e+00
-1.278604603762032887e+00
-1.278604603762032887e+00
-1.278604603762032887e+00
-1.278604603762032887e+00
-1.278604603762032887e+00
-1.278604603762032887e+00
-1.278604603762032887e+00
-1.278604603762032887e+00
