-7.634661290322581895e-01
-5.537845766129032565e-01
-6.710319556451610490e-01
-6.530431451612902505e-01
-5.857348790322580712e-01
-6.364705645161287118e-01
-5.327361895161291105e-01
-5.349991935483870975e-01
-5.872013104838710307e-01
-7.424177419354838214e-01
-5.067281249999999737e-01
-5.736381048387094728e-01
-5.539203629032258824e-01
-5.484266129032256964e-01
-7.055077620967740160e-01
-3.995860887096774339e-01
-6.140059475806451950e-01
-6.108607862903225882e-01
-5.233007056451611794e-01
-4.282554435483870714e-01
-4.942330645161290836e-01
-4.524489919354838796e-01
-6.576547379032259277e-01
-5.197572580645161144e-01
-4.641474798387096312e-01
-4.766425403225805768e-01
-4.061891129032257908e-01
-3.582003024193547991e-01
-3.860730846774192981e-01
-5.039812499999999362e-01
-3.609471774193548921e-01
-4.057908266129032215e-01
-4.413701612903225824e-01
-3.810632056451612737e-01
-4.286537298387096406e-01
-3.914310483870968582e-01
-3.474341733870967008e-01
-3.429583669354838715e-01
-3.847424395161290200e-01
-3.443745967741935754e-01
-4.511183467741936015e-01
-2.581451612903226112e-01
-3.563857862903225260e-01
-3.236389112903225729e-01
-2.797276209677419523e-01
-2.514565524193548285e-01
-2.949695564516128798e-01
-3.765873991935483334e-01
-4.048584677419354572e-01
-2.415725806451612945e-01
-3.157052419354839379e-01
-2.971823588709677777e-01
-4.307809475806451127e-01
-3.408311491935484550e-01
-3.362195564516129442e-01
-2.846017137096774063e-01
-2.631550403225806356e-01
-2.927065524193548374e-01
-2.241178427419354691e-01
-2.756501008064515812e-01
-2.635533266129032048e-01
-3.209776209677419612e-01
-3.083969758064515898e-01
-1.747983870967741993e-01
-2.936389112903225462e-01
-2.819404233870967946e-01
-2.725049395161290300e-01
-3.035228830645161358e-01
-3.170358870967742160e-01
-1.850806451612903303e-01
-2.514565524193548285e-01
-2.370967741935484652e-01
-2.016532258064515637e-01
-2.093597782258064532e-01
-2.442338709677419339e-01
-2.352822580645161088e-01
-2.304081653225806270e-01
-1.868951612903225756e-01
-2.666984879032257560e-01
-2.012549395161290222e-01
-2.308064516129032795e-01
-1.985080645161290125e-01
-1.882258064516129092e-01
-1.716532258064516203e-01
-2.635533266129032604e-01
-2.429032258064515726e-01
-2.612903225806451624e-01
-2.612903225806452179e-01
-2.272630040322580480e-01
-2.514565524193548285e-01
-1.806048387096773622e-01
-1.837499999999999689e-01
-1.627016129032258229e-01
-2.263306451612903392e-01
-1.703225806451612867e-01
-2.129032258064516014e-01
-1.976612903225806461e-01
-1.747983870967741438e-01
-1.927016129032257663e-01
-1.443145161290322609e-01
-2.339516129032258029e-01
-1.124999999999999750e-01
-1.622177419354838557e-01
-2.066129032258064713e-01
-1.761290322580645051e-01
-1.398387096774193206e-01
-1.833517137096773997e-01
-1.627016129032257674e-01
-1.474596774193548399e-01
-1.366935483870967694e-01
-1.335483870967741904e-01
-1.622177419354838557e-01
-1.474596774193548121e-01
-1.080241935483870763e-01
-1.322177419354838290e-01
-1.232661290322580316e-01
-1.474596774193548121e-01
-1.671774193548387077e-01
-1.958467741935484008e-01
-1.716532258064515648e-01
-1.698387096774193472e-01
-1.017338709677419184e-01
-1.792741935483870841e-01
-1.124999999999999611e-01
-1.747983870967741438e-01
-1.322177419354838290e-01
-1.653629032258064901e-01
-1.264112903225806106e-01
-2.066129032258064435e-01
-1.734677419354838934e-01
-1.461290322580644785e-01
-1.443145161290322331e-01
-1.519354838709677247e-01
-1.277419354838709442e-01
-1.245967741935483791e-01
-8.383064516129030974e-02
-1.232661290322580316e-01
-8.516129032258064335e-02
-6.991935483870967416e-02
-1.143145161290322204e-01
-1.290725806451612778e-01
-1.353629032258064357e-01
-9.278225806451610713e-02
-1.564112903225806372e-01
-1.004032258064515848e-01
-1.398387096774193206e-01
-8.201612903225805051e-02
-1.532661290322580583e-01
-1.868951612903225479e-01
-1.792741935483870841e-01
-1.111693548387096414e-01
-1.093548387096773961e-01
-1.353629032258064357e-01
-1.156451612903225679e-01
-9.411290322580645462e-02
-8.068548387096773078e-02
-1.080241935483870763e-01
-1.183064516129032073e-01
-9.592741935483869997e-02
-1.335483870967741904e-01
-5.782258064516129087e-02
-8.068548387096773078e-02
-8.516129032258064335e-02
-7.306451612903225312e-02
-8.649193548387096309e-02
-1.214516129032257863e-01
-1.156451612903225401e-01
-3.943548387096774271e-02
-5.020161290322580627e-02
-1.201209677419354666e-01
-8.201612903225806439e-02
-1.214516129032258002e-01
-1.004032258064515848e-01
-8.068548387096773078e-02
-7.306451612903225312e-02
-6.096774193548386983e-02
-1.469758064516129004e-01
-5.020161290322580627e-02
-6.544354838709677546e-02
-5.334677419354838523e-02
-1.048790322580644974e-01
-7.754032258064515182e-02
-8.516129032258064335e-02
-6.991935483870967416e-02
-1.353629032258064357e-01
-5.782258064516129087e-02
-9.278225806451610713e-02
-6.229838709677419650e-02
-8.201612903225805051e-02
-1.004032258064515987e-01
-8.963709677419354205e-02
-6.096774193548386983e-02
-5.467741935483871191e-02
-6.096774193548386983e-02
-1.048790322580645112e-01
-1.106854838709677297e-01
-5.782258064516129087e-02
-1.004032258064515987e-01
-5.782258064516129087e-02
-7.306451612903225312e-02
-1.201209677419354666e-01
-5.467741935483871191e-02
-7.306451612903225312e-02
-6.096774193548386983e-02
-3.810483870967741604e-02
-4.705645161290322731e-02
-7.754032258064516570e-02
-2.286290322580645032e-02
-8.201612903225805051e-02
-6.544354838709677546e-02
-1.048790322580644835e-01
-7.754032258064515182e-02
-3.048387096774193492e-02
-6.991935483870967416e-02
-4.572580645161290064e-02
-3.810483870967741604e-02
-5.467741935483871191e-02
-2.286290322580645032e-02
-5.782258064516129087e-02
-5.782258064516129087e-02
-6.229838709677419650e-02
-6.991935483870967416e-02
-4.258064516129032168e-02
-6.096774193548386983e-02
-7.754032258064515182e-02
-3.048387096774193492e-02
-5.915322580645161754e-02
-6.544354838709677546e-02
-7.306451612903225312e-02
-4.572580645161290064e-02
-5.467741935483871191e-02
-8.963709677419354205e-02
-2.286290322580645032e-02
-4.572580645161290064e-02
-6.544354838709677546e-02
-7.124999999999999389e-02
-4.258064516129032168e-02
-5.020161290322580627e-02
-3.495967741935483708e-02
-5.782258064516129087e-02
-5.782258064516129087e-02
-3.943548387096774271e-02
-2.286290322580645032e-02
-3.810483870967741604e-02
-1.524193548387096746e-02
-3.048387096774193492e-02
-2.286290322580645032e-02
0.000000000000000000e+00
-4.572580645161290064e-02
-3.495967741935483708e-02
-1.524193548387096746e-02
-6.096774193548386983e-02
-5.020161290322580627e-02
-6.858870967741935443e-02
-6.096774193548386983e-02
-5.020161290322580627e-02
-3.810483870967741604e-02
-5.782258064516129087e-02
-6.544354838709677546e-02
-3.048387096774193492e-02
-7.306451612903225312e-02
-3.943548387096774271e-02
-4.258064516129032168e-02
-3.495967741935483708e-02
-3.048387096774193492e-02
-2.286290322580645032e-02
-5.334677419354838523e-02
-2.733870967741935595e-02
-7.620967741935483729e-03
-5.020161290322580627e-02
-5.782258064516129087e-02
-3.810483870967741604e-02
-2.733870967741935595e-02
-3.048387096774193492e-02
-1.524193548387096746e-02
-3.495967741935483708e-02
-7.620967741935483729e-03
-4.572580645161290064e-02
-7.620967741935483729e-03
-4.572580645161290064e-02
-1.524193548387096746e-02
-3.810483870967741604e-02
-1.524193548387096746e-02
-5.334677419354838523e-02
-1.524193548387096746e-02
-1.524193548387096746e-02
-1.524193548387096746e-02
-2.286290322580645032e-02
-1.524193548387096746e-02
-1.524193548387096746e-02
-3.810483870967741604e-02
-1.524193548387096746e-02
-2.286290322580645032e-02
-2.286290322580645032e-02
-5.020161290322580627e-02
-5.334677419354838523e-02
-7.620967741935483729e-03
-1.524193548387096746e-02
-3.048387096774193492e-02
-2.286290322580645032e-02
-1.971774193548387136e-02
-1.524193548387096746e-02
-2.286290322580645032e-02
-2.286290322580645032e-02
0.000000000000000000e+00
-3.048387096774193492e-02
-2.286290322580645032e-02
-5.020161290322580627e-02
0.000000000000000000e+00
-2.286290322580645032e-02
-2.286290322580645032e-02
-3.048387096774193492e-02
-1.209677419354838850e-02
-2.286290322580645032e-02
-4.258064516129032168e-02
0.000000000000000000e+00
-2.286290322580645032e-02
-7.620967741935483729e-03
0.000000000000000000e+00
0.000000000000000000e+00
-1.524193548387096746e-02
-1.524193548387096746e-02
-1.524193548387096746e-02
-1.524193548387096746e-02
-2.286290322580645032e-02
-7.620967741935483729e-03
-2.286290322580645032e-02
-2.286290322580645032e-02
-4.572580645161290064e-02
-3.810483870967741604e-02
0.000000000000000000e+00
-1.524193548387096746e-02
-2.286290322580645032e-02
-3.048387096774193492e-02
-2.286290322580645032e-02
-1.524193548387096746e-02
-7.620967741935483729e-03
-7.620967741935483729e-03
-7.620967741935483729e-03
-2.286290322580645032e-02
-2.286290322580645032e-02
-2.286290322580645032e-02
-2.286290322580645032e-02
-1.971774193548387136e-02
-1.524193548387096746e-02
-3.810483870967741604e-02
0.000000000000000000e+00
-1.524193548387096746e-02
-7.620967741935483729e-03
-1.524193548387096746e-02
0.000000000000000000e+00
-1.524193548387096746e-02
-1.524193548387096746e-02
-7.620967741935483729e-03
-7.620967741935483729e-03
-1.524193548387096746e-02
-7.620967741935483729e-03
-7.620967741935483729e-03
-2.286290322580645032e-02
-1.524193548387096746e-02
-7.620967741935483729e-03
0.000000000000000000e+00
0.000000000000000000e+00
-3.048387096774193492e-02
-3.048387096774193492e-02
-1.524193548387096746e-02
0.000000000000000000e+00
-7.620967741935483729e-03
-1.524193548387096746e-02
-1.524193548387096746e-02
-7.620967741935483729e-03
-7.620967741935483729e-03
-1.524193548387096746e-02
0.000000000000000000e+00
0.000000000000000000e+00
-7.620967741935483729e-03
-3.048387096774193492e-02
-2.733870967741935595e-02
0.000000000000000000e+00
-1.524193548387096746e-02
-7.620967741935483729e-03
-1.524193548387096746e-02
-1.524193548387096746e-02
-1.971774193548387136e-02
0.000000000000000000e+00
-7.620967741935483729e-03
-1.524193548387096746e-02
-7.620967741935483729e-03
0.000000000000000000e+00
-2.286290322580645032e-02
-7.620967741935483729e-03
0.000000000000000000e+00
0.000000000000000000e+00
-2.286290322580645032e-02
0.000000000000000000e+00
-7.620967741935483729e-03
-7.620967741935483729e-03
-7.620967741935483729e-03
-1.524193548387096746e-02
-2.286290322580645032e-02
0.000000000000000000e+00
0.000000000000000000e+00
0.000000000000000000e+00
-7.620967741935483729e-03
-7.620967741935483729e-03
-7.620967741935483729e-03
0.000000000000000000e+00
-1.524193548387096746e-02
0.000000000000000000e+00
0.000000000000000000e+00
0.000000000000000000e+00
-1.524193548387096746e-02
0.000000000000000000e+00
-7.620967741935483729e-03
0.000000000000000000e+00
0.000000000000000000e+00
-7.620967741935483729e-03
0.000000000000000000e+00
-2.286290322580645032e-02
-7.620967741935483729e-03
-7.620967741935483729e-03
-7.620967741935483729e-03
-7.620967741935483729e-03
0.000000000000000000e+00
-7.620967741935483729e-03
0.000000000000000000e+00
0.000000000000000000e+00
0.000000000000000000e+00
-1.524193548387096746e-02
-7.620967741935483729e-03
0.000000000000000000e+00
0.000000000000000000e+00
0.000000000000000000e+00
0.000000000000000000e+00
-7.620967741935483729e-03
0.000000000000000000e+00
0.000000000000000000e+00
0.000000000000000000e+00
-7.620967741935483729e-03
0.000000000000000000e+00
0.000000000000000000e+00
0.000000000000000000e+00
0.000000000000000000e+00
0.000000000000000000e+00
0.000000000000000000e+00
0.000000000000000000e+00
0.000000000000000000e+00
0.000000000000000000e+00
0.000000000000000000e+00
0.000000000000000000e+00
0.000000000000000000e+00
0.000000000000000000e+00
0.000000000000000000e+00
-7.620967741935483729e-03
0.000000000000000000e+00
-7.620967741935483729e-03
0.000000000000000000e+00
0.000000000000000000e+00
-7.620967741935483729e-03
0.000000000000000000e+00
0.000000000000000000e+00
-7.620967741935483729e-03
0.000000000000000000e+00
0.000000000000000000e+00
0.000000000000000000e+00
0.000000000000000000e+00
0.000000000000000000e+00
0.000000000000000000e+00
0.000000000000000000e+00
0.000000000000000000e+00
0.000000000000000000e+00
-7.620967741935483729e-03
-7.620967741935483729e-03
0.000000000000000000e+00
0.000000000000000000e+00
0.000000000000000000e+00
0.000000000000000000e+00
0.000000000000000000e+00
0.000000000000000000e+00
-7.620967741935483729e-03
0.000000000000000000e+00
0.000000000000000000e+00
0.000000000000000000e+00
0.000000000000000000e+00
0.000000000000000000e+00
-7.620967741935483729e-03
0.000000000000000000e+00
0.000000000000000000e+00
0.000000000000000000e+00
0.000000000000000000e+00
0.000000000000000000e+00
-7.620967741935483729e-03
0.000000000000000000e+00
-7.620967741935483729e-03
0.000000000000000000e+00
0.000000000000000000e+00
0.000000000000000000e+00
0.000000000000000000e+00
-7.620967741935483729e-03
-7.620967741935483729e-03
-7.620967741935483729e-03
0.000000000000000000e+00
0.000000000000000000e+00
0.000000000000000000e+00
0.000000000000000000e+00
0.000000000000000000e+00
0.000000000000000000e+00
0.000000000000000000e+00
0.000000000000000000e+00
0.000000000000000000e+00
0.000000000000000000e+00
0.000000000000000000e+00
0.000000000000000000e+00
0.000000000000000000e+00
0.000000000000000000e+00
0.000000000000000000e+00
0.000000000000000000e+00
0.000000000000000000e+00
-7.620967741935483729e-03
0.000000000000000000e+00
0.000000000000000000e+00
0.000000000000000000e+00
0.000000000000000000e+00
0.000000000000000000e+00
0.000000000000000000e+00
0.000000000000000000e+00
0.000000000000000000e+00
-7.620967741935483729e-03
0.000000000000000000e+00
0.000000000000000000e+00
0.000000000000000000e+00
0.000000000000000000e+00
0.000000000000000000e+00
0.000000000000000000e+00
-7.620967741935483729e-03
-7.620967741935483729e-03
0.000000000000000000e+00
-7.620967741935483729e-03
0.000000000000000000e+00
-7.620967741935483729e-03
0.000000000000000000e+00
0.000000000000000000e+00
-7.620967741935483729e-03
0.000000000000000000e+00
0.000000000000000000e+00
0.000000000000000000e+00
0.000000000000000000e+00
0.000000000000000000e+00
0.000000000000000000e+00
0.000000000000000000e+00
0.000000000000000000e+00
0.000000000000000000e+00
0.000000000000000000e+00
0.000000000000000000e+00
0.000000000000000000e+00
0.000000000000000000e+00
0.000000000000000000e+00
0.000000000000000000e+00
0.000000000000000000e+00
0.000000000000000000e+00
0.000000000000000000e+00
0.000000000000000000e+00
0.000000000000000000e+00
0.000000000000000000e+00
0.000000000000000000e+00
0.000000000000000000e+00
0.000000000000000000e+00
0.000000000000000000e+00
0.000000000000000000e+00
0.000000000000000000e+00
0.000000000000000000e+00
0.000000000000000000e+00
0.000000000000000000e+00
0.000000000000000000e+00
0.000000000000000000e+00
0.000000000000000000e+00
0.000000000000000000e+00
0.000000000000000000e+00
0.000000000000000000e+00
0.000000000000000000e+00
0.000000000000000000e+00
0.000000000000000000e+00
0.000000000000000000e+00
0.000000000000000000e+00
0.000000000000000000e+00
0.000000000000000000e+00
0.000000000000000000e+00
0.000000000000000000e+00
0.000000000000000000e+00
0.000000000000000000e+00
0.000000000000000000e+00
0.000000000000000000e+00
0.000000000000000000e+00
0.000000000000000000e+00
0.000000000000000000e+00
0.000000000000000000e+00
0.000000000000000000e+00
0.000000000000000000e+00
0.000000000000000000e+00
0.000000000000000000e+00
