-5.427805487874918233e-01
-6.841672846806013952e-01
-7.659596635466707770e-01
-6.597842343215604144e-01
-5.285819190482389240e-01
-5.086994831549090934e-01
-4.126367066602289468e-01
-6.758900072047759888e-01
-6.621649681352183014e-01
-5.080020913704417218e-01
-5.668335478650271542e-01
-6.216591058486147237e-01
-4.767564620537113607e-01
-4.699709505321672531e-01
-4.572979884019129360e-01
-6.338803684254075144e-01
-4.097383170687241560e-01
-5.544254016152225795e-01
-4.941455780137549714e-01
-4.903375984765065421e-01
-4.517338646711075434e-01
-5.203423586960529423e-01
-4.230596885161148624e-01
-4.914922815255681754e-01
-3.498494348284531541e-01
-4.118712551599956195e-01
-5.059155742934030586e-01
-4.621707488027213540e-01
-5.317369087007276507e-01
-4.396966046899923319e-01
-4.054828092041571908e-01
-4.692327794901937632e-01
-4.211250711966262883e-01
-3.527378309619871311e-01
-3.853832101976439328e-01
-3.780898267346296526e-01
-3.246032525680371261e-01
-3.745650560264462414e-01
-3.661676695426572814e-01
-3.993988716551357121e-01
-3.850523379846494398e-01
-4.626965737044416715e-01
-3.254994783785764567e-01
-3.328161435730779827e-01
-3.591225567506225458e-01
-3.285911163219829012e-01
-3.381381884912562086e-01
-3.333166402900494263e-01
-3.530952665550062264e-01
-3.326993986119231583e-01
-3.750889842645590000e-01
-3.161463038138931370e-01
-3.439386399749838064e-01
-4.222622610114746822e-01
-4.511545194766564681e-01
-3.027419586786365691e-01
-3.932583601818324115e-01
-3.074119591760813841e-01
-3.252398914389261209e-01
-3.000503033906120054e-01
-4.081949209244947752e-01
-3.264538685240275240e-01
-4.447342013250138448e-01
-3.904134205147736791e-01
-3.351266353277623233e-01
-5.303950222630664513e-01
-3.555507850730826314e-01
-3.707440361751062619e-01
-3.983017574048189902e-01
-3.819051715977355155e-01
-4.605662956568141175e-01
-4.091113297763578349e-01
-3.767787765525288379e-01
-3.837897770430040434e-01
-5.577013255191030083e-01
-5.785741662459837897e-01
-4.843201482119286472e-01
-4.381267748625961023e-01
-3.709908452544654622e-01
-4.614691087277843495e-01
-4.844023919800188316e-01
-5.883882132390151343e-01
-6.060340715549724644e-01
-5.005477642569863272e-01
-4.804790387096433135e-01
-5.777677653326948048e-01
-4.294518971133240437e-01
-4.393900644515106868e-01
-4.202776398209363551e-01
-5.399914841854269731e-01
-5.434198621218820913e-01
-5.887903533942259182e-01
-4.306098830119571286e-01
-4.775634546552022797e-01
-4.619307092022015837e-01
-6.719974905039559632e-01
-6.013250872955908655e-01
-5.347144493276153598e-01
-5.432980459904943604e-01
-5.691244932077924590e-01
-5.341985241819176000e-01
-6.539490180598717117e-01
-5.528210718791328748e-01
-6.464568646999031554e-01
-4.074141570772839560e-01
-4.475319350480601033e-01
-6.063932342888728177e-01
-6.499576958915228575e-01
-6.549080996417765421e-01
-6.032137378645227033e-01
-6.121504004715666580e-01
-6.556148300532409490e-01
-6.133417581744486924e-01
-5.871958587779636529e-01
-6.077083341358109347e-01
-5.963133115085096358e-01
-6.076260752964220968e-01
-5.850029270018605176e-01
-6.169444465442734948e-01
-6.461620951710661531e-01
-6.765398246957858852e-01
-6.576666745785543222e-01
-7.191222640738538230e-01
-8.897627522290617597e-01
-4.012676614161435062e-01
-3.896213671138120116e-01
-3.968980450990060582e-01
-3.968980450990060582e-01
-3.896213671138120116e-01
-3.896213671138120116e-01
-3.896213671138120116e-01
-3.896213671138120116e-01
-3.896213671138120116e-01
-3.968980450990060582e-01
-3.968980450990060582e-01
-3.896213671138120116e-01
-3.896213671138120116e-01
-3.896213671138120116e-01
-3.968980450990060582e-01
-3.968980450990060582e-01
-3.896213671138120116e-01
-3.896213671138120116e-01
-3.968980450990060582e-01
-3.896213671138120116e-01
-3.896213671138120116e-01
-3.896213671138120116e-01
-3.896213671138120116e-01
-3.896213671138120116e-01
-3.896213671138120116e-01
-3.896213671138120116e-01
-4.012676614161435062e-01
-3.896213671138120116e-01
-3.896213671138120116e-01
-3.896213671138120116e-01
-3.896213671138120116e-01
-3.896213671138120116e-01
-3.968980450990060582e-01
-3.896213671138120116e-01
-3.896213671138120116e-01
-3.896213671138120116e-01
-3.896213671138120116e-01
-3.968980450990060582e-01
-3.896213671138120116e-01
-3.896213671138120116e-01
-3.896213671138120116e-01
-3.896213671138120116e-01
-3.896213671138120116e-01
-3.896213671138120116e-01
-3.896213671138120116e-01
-3.896213671138120116e-01
-3.896213671138120116e-01
-3.896213671138120116e-01
-3.968980450990060582e-01
-3.896213671138120116e-01
-3.896213671138120116e-01
-3.896213671138120116e-01
-3.896213671138120116e-01
-3.896213671138120116e-01
-3.896213671138120116e-01
-3.896213671138120116e-01
-3.896213671138120116e-01
-3.896213671138120116e-01
-3.896213671138120116e-01
-3.896213671138120116e-01
-3.896213671138120116e-01
-4.012676614161435062e-01
-3.968980450990060582e-01
-3.896213671138120116e-01
-3.968980450990060582e-01
-3.896213671138120116e-01
-3.896213671138120116e-01
-3.896213671138120116e-01
-3.896213671138120116e-01
-3.896213671138120116e-01
-3.896213671138120116e-01
-3.896213671138120116e-01
-3.896213671138120116e-01
-3.896213671138120116e-01
-3.896213671138120116e-01
-3.896213671138120116e-01
-3.968980450990060582e-01
-3.896213671138120116e-01
-3.896213671138120116e-01
-4.012676614161435062e-01
-3.896213671138120116e-01
-3.896213671138120116e-01
-3.896213671138120116e-01
-3.896213671138120116e-01
-3.896213671138120116e-01
-3.896213671138120116e-01
-3.896213671138120116e-01
-3.968980450990060582e-01
-3.968980450990060582e-01
-3.896213671138120116e-01
-3.896213671138120116e-01
-3.896213671138120116e-01
-3.896213671138120116e-01
-3.968980450990060582e-01
-3.968980450990060582e-01
-3.896213671138120116e-01
-3.896213671138120116e-01
-3.896213671138120116e-01
-3.896213671138120116e-01
-3.968980450990060582e-01
-3.896213671138120116e-01
-3.896213671138120116e-01
-3.896213671138120116e-01
-3.896213671138120116e-01
-3.968980450990060582e-01
-3.896213671138120116e-01
-3.896213671138120116e-01
-3.896213671138120116e-01
-3.896213671138120116e-01
-3.896213671138120116e-01
-3.968980450990060582e-01
-4.012676614161435062e-01
-3.896213671138120116e-01
-3.896213671138120116e-01
-3.896213671138120116e-01
-3.896213671138120116e-01
-3.896213671138120116e-01
-3.896213671138120116e-01
-3.896213671138120116e-01
-3.896213671138120116e-01
-3.896213671138120116e-01
-3.896213671138120116e-01
-3.896213671138120116e-01
-3.896213671138120116e-01
-3.896213671138120116e-01
-3.896213671138120116e-01
-3.896213671138120116e-01
-3.896213671138120116e-01
-3.896213671138120116e-01
-3.896213671138120116e-01
-3.896213671138120116e-01
-3.896213671138120116e-01
-3.896213671138120116e-01
-3.896213671138120116e-01
-3.896213671138120116e-01
-3.968980450990060582e-01
-3.896213671138120116e-01
-3.968980450990060582e-01
-3.896213671138120116e-01
-3.896213671138120116e-01
-3.896213671138120116e-01
-3.896213671138120116e-01
-3.896213671138120116e-01
-3.968980450990060582e-01
-3.896213671138120116e-01
-3.896213671138120116e-01
-3.896213671138120116e-01
-3.896213671138120116e-01
-3.896213671138120116e-01
-3.896213671138120116e-01
-3.896213671138120116e-01
-3.896213671138120116e-01
-3.896213671138120116e-01
-3.896213671138120116e-01
-3.896213671138120116e-01
-3.896213671138120116e-01
-3.896213671138120116e-01
-3.896213671138120116e-01
-3.896213671138120116e-01
-3.896213671138120116e-01
-3.896213671138120116e-01
-3.896213671138120116e-01
-3.896213671138120116e-01
-3.896213671138120116e-01
-3.896213671138120116e-01
-3.896213671138120116e-01
-3.896213671138120116e-01
-3.896213671138120116e-01
-3.968980450990060582e-01
-3.896213671138120116e-01
-3.896213671138120116e-01
-3.968980450990060582e-01
-3.896213671138120116e-01
-3.896213671138120116e-01
-3.896213671138120116e-01
-3.896213671138120116e-01
-4.012676614161435062e-01
-3.896213671138120116e-01
-3.896213671138120116e-01
-3.896213671138120116e-01
-3.896213671138120116e-01
-3.968980450990060582e-01
-3.896213671138120116e-01
-3.968980450990060582e-01
-3.896213671138120116e-01
-3.896213671138120116e-01
-3.896213671138120116e-01
-3.896213671138120116e-01
-3.896213671138120116e-01
-3.896213671138120116e-01
-3.896213671138120116e-01
-3.896213671138120116e-01
-3.896213671138120116e-01
-3.896213671138120116e-01
-3.896213671138120116e-01
-3.896213671138120116e-01
-3.968980450990060582e-01
-3.896213671138120116e-01
-3.896213671138120116e-01
-3.896213671138120116e-01
-3.896213671138120116e-01
-3.896213671138120116e-01
-3.896213671138120116e-01
-3.896213671138120116e-01
-3.896213671138120116e-01
-3.896213671138120116e-01
-3.896213671138120116e-01
-3.896213671138120116e-01
-3.896213671138120116e-01
-3.896213671138120116e-01
-3.896213671138120116e-01
-3.896213671138120116e-01
-3.896213671138120116e-01
-3.896213671138120116e-01
-3.896213671138120116e-01
-3.896213671138120116e-01
-3.896213671138120116e-01
-3.896213671138120116e-01
-3.896213671138120116e-01
-3.896213671138120116e-01
-3.896213671138120116e-01
-3.896213671138120116e-01
-3.896213671138120116e-01
-3.968980450990060582e-01
-3.896213671138120116e-01
-3.896213671138120116e-01
-3.896213671138120116e-01
-3.896213671138120116e-01
-3.896213671138120116e-01
-3.896213671138120116e-01
-3.896213671138120116e-01
-3.896213671138120116e-01
-3.896213671138120116e-01
-3.896213671138120116e-01
-3.896213671138120116e-01
-3.896213671138120116e-01
-3.896213671138120116e-01
-3.896213671138120116e-01
-3.896213671138120116e-01
-3.896213671138120116e-01
-3.896213671138120116e-01
-3.896213671138120116e-01
-3.896213671138120116e-01
-3.896213671138120116e-01
-3.896213671138120116e-01
-3.896213671138120116e-01
-3.896213671138120116e-01
-3.896213671138120116e-01
-3.896213671138120116e-01
-3.896213671138120116e-01
-3.896213671138120116e-01
-3.896213671138120116e-01
-3.896213671138120116e-01
-3.896213671138120116e-01
-3.896213671138120116e-01
-3.896213671138120116e-01
-3.896213671138120116e-01
-3.896213671138120116e-01
-3.896213671138120116e-01
-3.896213671138120116e-01
-3.896213671138120116e-01
-3.896213671138120116e-01
-3.896213671138120116e-01
-3.896213671138120116e-01
-3.896213671138120116e-01
-3.896213671138120116e-01
-3.896213671138120116e-01
-3.896213671138120116e-01
-3.896213671138120116e-01
-3.896213671138120116e-01
-3.896213671138120116e-01
-3.896213671138120116e-01
-3.896213671138120116e-01
-3.896213671138120116e-01
-3.896213671138120116e-01
-3.896213671138120116e-01
-3.896213671138120116e-01
-3.896213671138120116e-01
-3.896213671138120116e-01
-3.896213671138120116e-01
-3.896213671138120116e-01
-3.896213671138120116e-01
-3.896213671138120116e-01
-3.896213671138120116e-01
-3.896213671138120116e-01
-3.896213671138120116e-01
-3.896213671138120116e-01
-3.896213671138120116e-01
-3.896213671138120116e-01
-3.896213671138120116e-01
-3.896213671138120116e-01
-3.896213671138120116e-01
-3.896213671138120116e-01
-3.896213671138120116e-01
-3.896213671138120116e-01
-3.896213671138120116e-01
-3.896213671138120116e-01
-3.896213671138120116e-01
-3.896213671138120116e-01
-3.896213671138120116e-01
-3.896213671138120116e-01
-3.896213671138120116e-01
-3.896213671138120116e-01
-3.896213671138120116e-01
-3.896213671138120116e-01
-3.896213671138120116e-01
-3.896213671138120116e-01
-3.896213671138120116e-01
-3.896213671138120116e-01
-3.896213671138120116e-01
-3.896213671138120116e-01
-3.896213671138120116e-01
-3.896213671138120116e-01
-3.896213671138120116e-01
-3.896213671138120116e-01
-3.896213671138120116e-01
-3.896213671138120116e-01
-3.896213671138120116e-01
-3.896213671138120116e-01
-3.896213671138120116e-01
-3.896213671138120116e-01
-3.896213671138120116e-01
-3.896213671138120116e-01
-3.896213671138120116e-01
-3.896213671138120116e-01
-3.896213671138120116e-01
-3.896213671138120116e-01
-3.896213671138120116e-01
-3.896213671138120116e-01
-3.896213671138120116e-01
-3.896213671138120116e-01
-3.896213671138120116e-01
-3.896213671138120116e-01
-3.896213671138120116e-01
-3.896213671138120116e-01
-3.896213671138120116e-01
-3.896213671138120116e-01
-3.896213671138120116e-01
-3.896213671138120116e-01
-3.896213671138120116e-01
-3.896213671138120116e-01
-3.896213671138120116e-01
-3.896213671138120116e-01
-3.896213671138120116e-01
-3.896213671138120116e-01
-3.896213671138120116e-01
-3.896213671138120116e-01
-3.896213671138120116e-01
-3.896213671138120116e-01
-3.896213671138120116e-01
-3.896213671138120116e-01
-3.896213671138120116e-01
-3.896213671138120116e-01
-3.896213671138120116e-01
-3.896213671138120116e-01
-3.896213671138120116e-01
-3.896213671138120116e-01
-3.896213671138120116e-01
-3.896213671138120116e-01
-3.896213671138120116e-01
-3.896213671138120116e-01
-3.896213671138120116e-01
-3.896213671138120116e-01
-3.896213671138120116e-01
-3.896213671138120116e-01
-3.896213671138120116e-01
-3.896213671138120116e-01
-3.896213671138120116e-01
-3.896213671138120116e-01
-3.896213671138120116e-01
-3.896213671138120116e-01
-3.896213671138120116e-01
-3.896213671138120116e-01
-3.896213671138120116e-01
-3.896213671138120116e-01
-3.896213671138120116e-01
-3.896213671138120116e-01
-3.896213671138120116e-01
-3.896213671138120116e-01
-3.896213671138120116e-01
-3.896213671138120116e-01
-3.896213671138120116e-01
-3.896213671138120116e-01
-3.896213671138120116e-01
-3.896213671138120116e-01
-3.896213671138120116e-01
-3.896213671138120116e-01
-3.896213671138120116e-01
-3.896213671138120116e-01
-3.896213671138120116e-01
-3.896213671138120116e-01
-3.896213671138120116e-01
-3.896213671138120116e-01
-3.896213671138120116e-01
-3.896213671138120116e-01
-3.896213671138120116e-01
-3.896213671138120116e-01
-3.896213671138120116e-01
-3.896213671138120116e-01
-3.896213671138120116e-01
-3.896213671138120116e-01
-3.896213671138120116e-01
-3.896213671138120116e-01
-3.896213671138120116e-01
-3.896213671138120116e-01
-3.896213671138120116e-01
-3.896213671138120116e-01
-3.896213671138120116e-01
-3.896213671138120116e-01
-3.896213671138120116e-01
-3.896213671138120116e-01
-3.896213671138120116e-01
-3.896213671138120116e-01
-3.896213671138120116e-01
-3.896213671138120116e-01
-3.896213671138120116e-01
-3.896213671138120116e-01
-3.896213671138120116e-01
-3.896213671138120116e-01
-3.896213671138120116e-01
-3.896213671138120116e-01
-3.896213671138120116e-01
-3.896213671138120116e-01
-3.896213671138120116e-01
-3.896213671138120116e-01
-3.896213671138120116e-01
-3.896213671138120116e-01
-3.896213671138120116e-01
-3.896213671138120116e-01
-3.896213671138120116e-01
-3.896213671138120116e-01
-3.896213671138120116e-01
-3.896213671138120116e-01
-3.896213671138120116e-01
-3.896213671138120116e-01
-3.896213671138120116e-01
-3.896213671138120116e-01
-3.896213671138120116e-01
-3.896213671138120116e-01
-3.896213671138120116e-01
-3.896213671138120116e-01
-3.896213671138120116e-01
-3.896213671138120116e-01
-3.896213671138120116e-01
-3.896213671138120116e-01
-3.896213671138120116e-01
-3.896213671138120116e-01
-3.896213671138120116e-01
-3.896213671138120116e-01
-3.896213671138120116e-01
-3.896213671138120116e-01
-3.896213671138120116e-01
-3.896213671138120116e-01
-3.896213671138120116e-01
-3.896213671138120116e-01
-3.896213671138120116e-01
-3.896213671138120116e-01
-3.896213671138120116e-01
-3.896213671138120116e-01
-3.896213671138120116e-01
-3.896213671138120116e-01
-3.896213671138120116e-01
-3.896213671138120116e-01
-3.896213671138120116e-01
-3.896213671138120116e-01
-3.896213671138120116e-01
-3.896213671138120116e-01
-3.896213671138120116e-01
-3.896213671138120116e-01
-3.896213671138120116e-01
-3.896213671138120116e-01
-3.896213671138120116e-01
-3.896213671138120116e-01
-3.896213671138120116e-01
-3.896213671138120116e-01
-3.896213671138120116e-01
