-1.752434243482354326e+00
-1.975700516910633864e+00
-1.997929525681052976e+00
-2.155168721361527595e+00
-1.984398466033454378e+00
-2.181096052089186443e+00
-2.173147737533371870e+00
-2.335606576831938064e+00
-2.075863992363764066e+00
-2.035257980556164803e+00
-2.527356921577303517e+00
-2.028086819712248356e+00
-1.951912872192861359e+00
-2.204228005936766266e+00
-2.083482164143069415e+00
-2.032673752390167454e+00
-2.068710424867790110e+00
-1.773360156701718315e+00
-2.007738312523282165e+00
-2.010728214070631736e+00
-2.423086374068283977e+00
-1.185056242324882048e+00
-1.124723124500230931e+00
-1.261256810660384309e+00
-1.056203247844805571e+00
-1.166233972700842392e+00
-1.283230115870600763e+00
-1.072424222247881032e+00
-1.341678576649632637e+00
-1.593092808925319570e+00
-1.550081002420548026e+00
-1.506563282818974336e+00
-1.571825280029767624e+00
-1.611544913541945290e+00
-1.290670584379833397e+00
-1.561885253615865832e+00
-1.363540741671709133e+00
-1.535459813998060419e+00
-1.530313851671330605e+00
-1.483239917112654904e+00
-1.687445495436096454e+00
-1.539268772815546971e+00
-1.537624230876382780e+00
-1.587337950543000309e+00
-1.502272118887100660e+00
-1.524594330786957608e+00
-1.346104299052725883e+00
-1.631320395119577826e+00
-1.593898901968211490e+00
-1.654778407853406241e+00
-1.635727117211220882e+00
-1.644388003666203302e+00
-1.721468535264304212e+00
-1.588488550184408155e+00
-2.131938041784291027e+00
-1.633695183376726812e+00
-1.602981753084912198e+00
-1.602981753084912198e+00
-1.602981753084912198e+00
-1.610118321571858413e+00
-1.610118321571858413e+00
-1.602981753084912198e+00
-1.602981753084912198e+00
-1.602981753084912198e+00
-1.610118321571858413e+00
-1.602981753084912198e+00
-1.602981753084912198e+00
-1.610118321571858413e+00
-1.602981753084912198e+00
-1.614500982039581922e+00
-1.602981753084912198e+00
-1.602981753084912198e+00
-1.602981753084912198e+00
-1.602981753084912198e+00
-1.614500982039581922e+00
-1.602981753084912198e+00
-1.602981753084912198e+00
-1.614500982039581922e+00
-1.602981753084912198e+00
-1.602981753084912198e+00
-1.602981753084912198e+00
-1.614500982039581922e+00
-1.602981753084912198e+00
-1.602981753084912198e+00
-1.602981753084912198e+00
-1.614500982039581922e+00
-1.602981753084912198e+00
-1.610118321571858413e+00
-1.614500982039581922e+00
-1.602981753084912198e+00
-1.602981753084912198e+00
-1.602981753084912198e+00
-1.602981753084912198e+00
-1.610118321571858413e+00
-1.610118321571858413e+00
-1.602981753084912198e+00
-1.602981753084912198e+00
-1.602981753084912198e+00
-1.602981753084912198e+00
-1.602981753084912198e+00
-1.602981753084912198e+00
-1.602981753084912198e+00
-1.610118321571858413e+00
-1.610118321571858413e+00
-1.602981753084912198e+00
-1.602981753084912198e+00
-1.602981753084912198e+00
-1.602981753084912198e+00
-1.602981753084912198e+00
-1.602981753084912198e+00
-1.602981753084912198e+00
-1.602981753084912198e+00
-1.602981753084912198e+00
-1.610118321571858413e+00
-1.602981753084912198e+00
-1.614500982039581922e+00
-1.610118321571858413e+00
-1.602981753084912198e+00
-1.602981753084912198e+00
-1.602981753084912198e+00
-1.602981753084912198e+00
-1.614500982039581922e+00
-1.602981753084912198e+00
-1.610118321571858413e+00
-1.602981753084912198e+00
-1.602981753084912198e+00
-1.602981753084912198e+00
-1.602981753084912198e+00
-1.602981753084912198e+00
-1.602981753084912198e+00
-1.602981753084912198e+00
-1.602981753084912198e+00
-1.602981753084912198e+00
-1.610118321571858413e+00
-1.602981753084912198e+00
-1.602981753084912198e+00
-1.610118321571858413e+00
-1.602981753084912198e+00
-1.602981753084912198e+00
-1.602981753084912198e+00
-1.602981753084912198e+00
-1.602981753084912198e+00
-1.602981753084912198e+00
-1.602981753084912198e+00
-1.602981753084912198e+00
-1.602981753084912198e+00
-1.602981753084912198e+00
-1.602981753084912198e+00
-1.602981753084912198e+00
-1.602981753084912198e+00
-1.602981753084912198e+00
-1.610118321571858413e+00
-1.610118321571858413e+00
-1.610118321571858413e+00
-1.610118321571858413e+00
-1.602981753084912198e+00
-1.602981753084912198e+00
-1.602981753084912198e+00
-1.602981753084912198e+00
-1.610118321571858413e+00
-1.602981753084912198e+00
-1.602981753084912198e+00
-1.602981753084912198e+00
-1.614500982039581922e+00
-1.602981753084912198e+00
-1.602981753084912198e+00
-1.610118321571858413e+00
-1.602981753084912198e+00
-1.602981753084912198e+00
-1.610118321571858413e+00
-1.602981753084912198e+00
-1.602981753084912198e+00
-1.614500982039581922e+00
-1.602981753084912198e+00
-1.602981753084912198e+00
-1.602981753084912198e+00
-1.602981753084912198e+00
-1.602981753084912198e+00
-1.602981753084912198e+00
-1.602981753084912198e+00
-1.602981753084912198e+00
-1.602981753084912198e+00
-1.610118321571858413e+00
-1.614500982039581922e+00
-1.602981753084912198e+00
-1.602981753084912198e+00
-1.602981753084912198e+00
-1.602981753084912198e+00
-1.602981753084912198e+00
-1.602981753084912198e+00
-1.602981753084912198e+00
-1.602981753084912198e+00
-1.602981753084912198e+00
-1.602981753084912198e+00
-1.610118321571858413e+00
-1.602981753084912198e+00
-1.614500982039581922e+00
-1.610118321571858413e+00
-1.602981753084912198e+00
-1.602981753084912198e+00
-1.602981753084912198e+00
-1.602981753084912198e+00
-1.610118321571858413e+00
-1.602981753084912198e+00
-1.602981753084912198e+00
-1.602981753084912198e+00
-1.602981753084912198e+00
-1.602981753084912198e+00
-1.602981753084912198e+00
-1.602981753084912198e+00
-1.610118321571858413e+00
-1.602981753084912198e+00
-1.602981753084912198e+00
-1.602981753084912198e+00
-1.602981753084912198e+00
-1.602981753084912198e+00
-1.602981753084912198e+00
-1.602981753084912198e+00
-1.602981753084912198e+00
-1.602981753084912198e+00
-1.602981753084912198e+00
-1.602981753084912198e+00
-1.602981753084912198e+00
-1.602981753084912198e+00
-1.602981753084912198e+00
-1.602981753084912198e+00
-1.602981753084912198e+00
-1.602981753084912198e+00
-1.610118321571858413e+00
-1.602981753084912198e+00
-1.602981753084912198e+00
-1.602981753084912198e+00
-1.602981753084912198e+00
-1.610118321571858413e+00
-1.602981753084912198e+00
-1.602981753084912198e+00
-1.602981753084912198e+00
-1.602981753084912198e+00
-1.602981753084912198e+00
-1.602981753084912198e+00
-1.602981753084912198e+00
-1.610118321571858413e+00
-1.602981753084912198e+00
-1.610118321571858413e+00
-1.602981753084912198e+00
-1.602981753084912198e+00
-1.602981753084912198e+00
-1.602981753084912198e+00
-1.602981753084912198e+00
-1.602981753084912198e+00
-1.602981753084912198e+00
-1.602981753084912198e+00
-1.602981753084912198e+00
-1.602981753084912198e+00
-1.602981753084912198e+00
-1.602981753084912198e+00
-1.602981753084912198e+00
-1.602981753084912198e+00
-1.602981753084912198e+00
-1.610118321571858413e+00
-1.602981753084912198e+00
-1.602981753084912198e+00
-1.602981753084912198e+00
-1.602981753084912198e+00
-1.602981753084912198e+00
-1.602981753084912198e+00
-1.602981753084912198e+00
-1.602981753084912198e+00
-1.602981753084912198e+00
-1.602981753084912198e+00
-1.602981753084912198e+00
-1.602981753084912198e+00
-1.602981753084912198e+00
-1.602981753084912198e+00
-1.602981753084912198e+00
-1.602981753084912198e+00
-1.602981753084912198e+00
-1.602981753084912198e+00
-1.614500982039581922e+00
-1.602981753084912198e+00
-1.602981753084912198e+00
-1.602981753084912198e+00
-1.602981753084912198e+00
-1.602981753084912198e+00
-1.602981753084912198e+00
-1.602981753084912198e+00
-1.602981753084912198e+00
-1.602981753084912198e+00
-1.602981753084912198e+00
-1.610118321571858413e+00
-1.602981753084912198e+00
-1.602981753084912198e+00
-1.610118321571858413e+00
-1.602981753084912198e+00
-1.602981753084912198e+00
-1.602981753084912198e+00
-1.602981753084912198e+00
-1.602981753084912198e+00
-1.602981753084912198e+00
-1.602981753084912198e+00
-1.602981753084912198e+00
-1.602981753084912198e+00
-1.602981753084912198e+00
-1.602981753084912198e+00
-1.602981753084912198e+00
-1.602981753084912198e+00
-1.602981753084912198e+00
-1.602981753084912198e+00
-1.602981753084912198e+00
-1.602981753084912198e+00
-1.602981753084912198e+00
-1.602981753084912198e+00
-1.602981753084912198e+00
-1.602981753084912198e+00
-1.602981753084912198e+00
-1.602981753084912198e+00
-1.602981753084912198e+00
-1.602981753084912198e+00
-1.602981753084912198e+00
-1.602981753084912198e+00
-1.602981753084912198e+00
-1.602981753084912198e+00
-1.602981753084912198e+00
-1.602981753084912198e+00
-1.602981753084912198e+00
-1.602981753084912198e+00
-1.602981753084912198e+00
-1.602981753084912198e+00
-1.602981753084912198e+00
-1.602981753084912198e+00
-1.610118321571858413e+00
-1.602981753084912198e+00
-1.602981753084912198e+00
-1.602981753084912198e+00
-1.610118321571858413e+00
-1.602981753084912198e+00
-1.602981753084912198e+00
-1.602981753084912198e+00
-1.602981753084912198e+00
-1.602981753084912198e+00
-1.602981753084912198e+00
-1.602981753084912198e+00
-1.602981753084912198e+00
-1.602981753084912198e+00
-1.602981753084912198e+00
-1.602981753084912198e+00
-1.602981753084912198e+00
-1.602981753084912198e+00
-1.602981753084912198e+00
-1.602981753084912198e+00
-1.602981753084912198e+00
-1.602981753084912198e+00
-1.602981753084912198e+00
-1.602981753084912198e+00
-1.602981753084912198e+00
-1.602981753084912198e+00
-1.602981753084912198e+00
-1.602981753084912198e+00
-1.602981753084912198e+00
-1.602981753084912198e+00
-1.602981753084912198e+00
-1.602981753084912198e+00
-1.602981753084912198e+00
-1.602981753084912198e+00
-1.602981753084912198e+00
-1.602981753084912198e+00
-1.602981753084912198e+00
-1.602981753084912198e+00
-1.602981753084912198e+00
-1.602981753084912198e+00
-1.602981753084912198e+00
-1.602981753084912198e+00
-1.602981753084912198e+00
-1.602981753084912198e+00
-1.602981753084912198e+00
-1.602981753084912198e+00
-1.602981753084912198e+00
-1.602981753084912198e+00
-1.602981753084912198e+00
-1.602981753084912198e+00
-1.602981753084912198e+00
-1.602981753084912198e+00
-1.602981753084912198e+00
-1.602981753084912198e+00
-1.602981753084912198e+00
-1.602981753084912198e+00
-1.602981753084912198e+00
-1.602981753084912198e+00
-1.602981753084912198e+00
-1.602981753084912198e+00
-1.602981753084912198e+00
-1.602981753084912198e+00
-1.602981753084912198e+00
-1.602981753084912198e+00
-1.602981753084912198e+00
-1.602981753084912198e+00
-1.602981753084912198e+00
-1.602981753084912198e+00
-1.602981753084912198e+00
-1.602981753084912198e+00
-1.602981753084912198e+00
-1.602981753084912198e+00
-1.602981753084912198e+00
-1.602981753084912198e+00
-1.602981753084912198e+00
-1.602981753084912198e+00
-1.602981753084912198e+00
-1.602981753084912198e+00
-1.602981753084912198e+00
-1.602981753084912198e+00
-1.602981753084912198e+00
-1.602981753084912198e+00
-1.602981753084912198e+00
-1.602981753084912198e+00
-1.602981753084912198e+00
-1.602981753084912198e+00
-1.602981753084912198e+00
-1.602981753084912198e+00
-1.602981753084912198e+00
-1.602981753084912198e+00
-1.602981753084912198e+00
-1.602981753084912198e+00
-1.602981753084912198e+00
-1.602981753084912198e+00
-1.602981753084912198e+00
-1.602981753084912198e+00
-1.602981753084912198e+00
-1.602981753084912198e+00
-1.602981753084912198e+00
-1.602981753084912198e+00
-1.602981753084912198e+00
-1.602981753084912198e+00
-1.602981753084912198e+00
-1.602981753084912198e+00
-1.602981753084912198e+00
-1.602981753084912198e+00
-1.602981753084912198e+00
-1.602981753084912198e+00
-1.602981753084912198e+00
-1.602981753084912198e+00
-1.602981753084912198e+00
-1.602981753084912198e+00
-1.602981753084912198e+00
-1.602981753084912198e+00
-1.602981753084912198e+00
-1.602981753084912198e+00
-1.602981753084912198e+00
-1.602981753084912198e+00
-1.602981753084912198e+00
-1.602981753084912198e+00
-1.602981753084912198e+00
-1.602981753084912198e+00
-1.602981753084912198e+00
-1.602981753084912198e+00
-1.602981753084912198e+00
-1.602981753084912198e+00
-1.602981753084912198e+00
-1.602981753084912198e+00
-1.602981753084912198e+00
-1.602981753084912198e+00
-1.602981753084912198e+00
-1.602981753084912198e+00
-1.602981753084912198e+00
-1.602981753084912198e+00
-1.602981753084912198e+00
-1.602981753084912198e+00
-1.602981753084912198e+00
-1.602981753084912198e+00
-1.602981753084912198e+00
-1.602981753084912198e+00
-1.602981753084912198e+00
-1.602981753084912198e+00
-1.602981753084912198e+00
-1.602981753084912198e+00
-1.602981753084912198e+00
-1.602981753084912198e+00
-1.602981753084912198e+00
-1.602981753084912198e+00
-1.602981753084912198e+00
-1.602981753084912198e+00
-1.602981753084912198e+00
-1.602981753084912198e+00
-1.602981753084912198e+00
-1.602981753084912198e+00
-1.602981753084912198e+00
-1.602981753084912198e+00
-1.602981753084912198e+00
-1.602981753084912198e+00
-1.602981753084912198e+00
-1.602981753084912198e+00
-1.602981753084912198e+00
-1.602981753084912198e+00
-1.602981753084912198e+00
-1.602981753084912198e+00
-1.602981753084912198e+00
-1.602981753084912198e+00
-1.602981753084912198e+00
-1.602981753084912198e+00
-1.602981753084912198e+00
-1.602981753084912198e+00
-1.602981753084912198e+00
-1.602981753084912198e+00
-1.602981753084912198e+00
-1.602981753084912198e+00
-1.602981753084912198e+00
-1.602981753084912198e+00
-1.602981753084912198e+00
-1.602981753084912198e+00
-1.602981753084912198e+00
-1.602981753084912198e+00
-1.602981753084912198e+00
-1.602981753084912198e+00
-1.602981753084912198e+00
-1.602981753084912198e+00
-1.602981753084912198e+00
-1.602981753084912198e+00
-1.602981753084912198e+00
-1.602981753084912198e+00
-1.602981753084912198e+00
-1.602981753084912198e+00
-1.602981753084912198e+00
-1.602981753084912198e+00
-1.602981753084912198e+00
-1.602981753084912198e+00
-1.602981753084912198e+00
-1.602981753084912198e+00
-1.602981753084912198e+00
-1.602981753084912198e+00
-1.602981753084912198e+00
-1.602981753084912198e+00
-1.602981753084912198e+00
-1.602981753084912198e+00
-1.602981753084912198e+00
-1.602981753084912198e+00
-1.602981753084912198e+00
-1.602981753084912198e+00
-1.602981753084912198e+00
-1.602981753084912198e+00
-1.602981753084912198e+00
-1.602981753084912198e+00
-1.602981753084912198e+00
-1.602981753084912198e+00
-1.602981753084912198e+00
-1.602981753084912198e+00
-1.602981753084912198e+00
-1.602981753084912198e+00
-1.602981753084912198e+00
-1.602981753084912198e+00
-1.602981753084912198e+00
-1.602981753084912198e+00
-1.602981753084912198e+00
-1.602981753084912198e+00
-1.602981753084912198e+00
-1.602981753084912198e+00
-1.602981753084912198e+00
-1.602981753084912198e+00
-1.602981753084912198e+00
-1.602981753084912198e+00
-1.602981753084912198e+00
-1.602981753084912198e+00
-1.602981753084912198e+00
-1.602981753084912198e+00
-1.602981753084912198e+00
-1.602981753084912198e+00
-1.602981753084912198e+00
-1.602981753084912198e+00
-1.602981753084912198e+00
-1.602981753084912198e+00
-1.602981753084912198e+00
-1.602981753084912198e+00
-1.602981753084912198e+00
-1.602981753084912198e+00
-1.602981753084912198e+00
-1.602981753084912198e+00
-1.602981753084912198e+00
-1.602981753084912198e+00
-1.602981753084912198e+00
-1.602981753084912198e+00
-1.602981753084912198e+00
-1.602981753084912198e+00
-1.602981753084912198e+00
-1.602981753084912198e+00
-1.602981753084912198e+00
-1.602981753084912198e+00
-1.602981753084912198e+00
-1.602981753084912198e+00
-1.602981753084912198e+00
-1.602981753084912198e+00
-1.602981753084912198e+00
-1.602981753084912198e+00
-1.602981753084912198e+00
-1.602981753084912198e+00
-1.602981753084912198e+00
-1.602981753084912198e+00
-1.602981753084912198e+00
-1.602981753084912198e+00
-1.602981753084912198e+00
-1.602981753084912198e+00
-1.602981753084912198e+00
-1.602981753084912198e+00
