-8.344536290322583927e-01
-5.884817540322578866e-01
-8.200082661290325481e-01
-7.379419354838711032e-01
-5.825897177419354644e-01
-6.171511088709676907e-01
-6.885368951612902411e-01
-6.071815524193546754e-01
-6.005785282258064850e-01
-5.777156250000000659e-01
-6.957595766129032189e-01
-6.736932459677418272e-01
-6.714302419354836182e-01
-4.403522177419354477e-01
-4.327312499999999562e-01
-5.067281249999999737e-01
-4.757101814516128679e-01
-4.241779233870967558e-01
-5.511734879032258450e-01
-5.915413306451611231e-01
-5.373477822580644547e-01
-4.377411290322580362e-01
-4.317133064516128771e-01
-3.465018145161290475e-01
-5.193589717741935452e-01
-4.680892137096773209e-01
-3.864713709677419229e-01
-3.326761088709677683e-01
-3.869552419354839179e-01
-3.363553427419355146e-01
-4.690215725806451408e-01
-5.134167338709677564e-01
-3.600148185483871277e-01
-3.698987903225806617e-01
-4.645457661290322560e-01
-4.107505040322581569e-01
-3.743745967741936020e-01
-3.290470766129031666e-01
-5.130686491935483318e-01
-3.542083669354839093e-01
-3.223082661290321838e-01
-3.882858870967742515e-01
-2.590775201612903200e-01
-3.402114919354838340e-01
-4.269247983870967933e-01
-3.936940524193547897e-01
-4.524489919354838796e-01
-3.263857862903224993e-01
-2.698436491935484738e-01
-3.931599798387096500e-01
-3.012598790322580933e-01
-3.385681451612904125e-01
-2.957661290322580738e-01
-2.666984879032258671e-01
-3.479180443548386403e-01
-2.308064516129032517e-01
-2.666984879032258671e-01
-1.913709677419354882e-01
-3.219099798387097255e-01
-2.966984879032257827e-01
-3.558517137096773864e-01
-2.155645161290322409e-01
-3.029888104838709406e-01
-2.739211693548386783e-01
-3.102114919354839184e-01
-2.518548387096773977e-01
-2.348839717741935396e-01
-3.479180443548386958e-01
-2.187096774193548476e-01
-3.044050403225807000e-01
-2.429032258064516281e-01
-2.317388104838709606e-01
-2.877468749999999575e-01
-2.676308467741935759e-01
-2.631550403225806356e-01
-2.097580645161290225e-01
-1.761290322580645329e-01
-2.183113911290322506e-01
-1.819354838709677236e-01
-2.052822580645161377e-01
-2.352822580645161088e-01
-1.895564516129032429e-01
-1.989919354838709520e-01
-1.729838709677419539e-01
-2.756501008064515812e-01
-2.178275201612902834e-01
-2.622226814516129267e-01
-1.913709677419354882e-01
-2.518548387096773977e-01
-1.927016129032257941e-01
-1.550806451612903314e-01
-1.277419354838709442e-01
-1.627016129032258229e-01
-2.003225806451612578e-01
-2.047983870967741427e-01
-2.021370967741935032e-01
-1.703225806451612589e-01
-1.429838709677419273e-01
-1.506048387096774188e-01
-2.487096774193547910e-01
-1.640322580645161010e-01
-1.989919354838710075e-01
-1.335483870967741626e-01
-1.604888104838709528e-01
-1.366935483870967416e-01
-2.231854838709677602e-01
-1.366935483870967416e-01
-1.443145161290322331e-01
-2.097580645161290502e-01
-1.353629032258064357e-01
-1.124999999999999889e-01
-1.729838709677418984e-01
-1.989919354838709520e-01
-1.747983870967742270e-01
-2.034677419354838923e-01
-1.564112903225806095e-01
-1.820210685483870938e-01
-1.608870967741934943e-01
-1.640322580645161843e-01
-2.321370967741935021e-01
-1.366935483870967416e-01
-1.398387096774193483e-01
-1.658467741935484019e-01
-1.837499999999999967e-01
-1.080241935483870902e-01
-1.232661290322580316e-01
-1.671774193548387355e-01
-1.698387096774193195e-01
-1.577419354838709431e-01
-1.716532258064515926e-01
-6.991935483870967416e-02
-1.398387096774193483e-01
-1.456451612903225667e-01
-8.201612903225806439e-02
-1.124999999999999750e-01
-1.519354838709677524e-01
-1.004032258064516125e-01
-1.277419354838709442e-01
-6.858870967741935443e-02
-1.048790322580645112e-01
-1.819354838709677236e-01
-1.792741935483871119e-01
-1.156451612903225540e-01
-9.592741935483869997e-02
-1.595564516129032440e-01
-1.322177419354838568e-01
-1.004032258064515987e-01
-1.595564516129032162e-01
-1.608870967741934943e-01
-1.353629032258064357e-01
-1.290725806451612778e-01
-1.183064516129032212e-01
-1.124999999999999889e-01
-1.550806451612902759e-01
-1.308870967741935232e-01
-9.145161290322578740e-02
-9.278225806451610713e-02
-9.725806451612901971e-02
-6.991935483870967416e-02
-1.169758064516128876e-01
-1.398387096774193206e-01
-9.592741935483868609e-02
-1.322177419354838290e-01
-1.443145161290322331e-01
-1.201209677419354388e-01
-1.156451612903225401e-01
-8.068548387096773078e-02
-1.322177419354838290e-01
-9.278225806451612101e-02
-1.353629032258064080e-01
-8.516129032258062947e-02
-1.232661290322580178e-01
-6.096774193548386983e-02
-7.754032258064515182e-02
-7.439516129032258673e-02
-8.963709677419354205e-02
-6.858870967741935443e-02
-8.383064516129030974e-02
-1.156451612903225540e-01
-8.201612903225806439e-02
-1.048790322580644974e-01
-9.411290322580644074e-02
-8.068548387096773078e-02
-9.411290322580644074e-02
-9.096774193548387566e-02
-8.963709677419354205e-02
-5.467741935483871191e-02
-3.495967741935483708e-02
-9.278225806451613489e-02
-5.020161290322580627e-02
-9.592741935483868609e-02
-8.516129032258062947e-02
-6.096774193548386983e-02
-8.830645161290320844e-02
-1.080241935483870624e-01
-6.991935483870967416e-02
-5.020161290322580627e-02
-5.334677419354838523e-02
-5.334677419354838523e-02
-5.782258064516129087e-02
-3.943548387096774271e-02
-1.017338709677419323e-01
-6.544354838709677546e-02
-6.229838709677419650e-02
-6.544354838709677546e-02
-6.991935483870967416e-02
-4.258064516129032168e-02
-9.592741935483869997e-02
-2.286290322580645032e-02
-8.068548387096773078e-02
-7.306451612903225312e-02
-6.858870967741935443e-02
-4.572580645161290064e-02
-3.495967741935483708e-02
-5.915322580645161754e-02
-5.782258064516129087e-02
-9.725806451612900583e-02
-5.915322580645161754e-02
-7.887096774193548543e-02
-3.810483870967741604e-02
-5.782258064516129087e-02
-2.286290322580645032e-02
-6.544354838709677546e-02
-3.943548387096774271e-02
-6.229838709677419650e-02
-3.495967741935483708e-02
-8.068548387096773078e-02
-7.754032258064516570e-02
-6.229838709677419650e-02
-2.286290322580645032e-02
-5.020161290322580627e-02
-3.810483870967741604e-02
-6.544354838709677546e-02
-3.810483870967741604e-02
-2.286290322580645032e-02
-5.467741935483871191e-02
-6.096774193548386983e-02
-6.544354838709677546e-02
-1.524193548387096746e-02
-3.048387096774193492e-02
-1.971774193548387136e-02
-3.810483870967741604e-02
-1.971774193548387136e-02
-3.048387096774193492e-02
-3.048387096774193492e-02
-5.020161290322580627e-02
-5.782258064516129087e-02
-2.286290322580645032e-02
-2.733870967741935595e-02
-5.020161290322580627e-02
-3.048387096774193492e-02
-5.334677419354838523e-02
-2.286290322580645032e-02
-3.048387096774193492e-02
-7.306451612903225312e-02
-4.572580645161290064e-02
-2.286290322580645032e-02
-3.495967741935483708e-02
-3.048387096774193492e-02
-5.334677419354838523e-02
-3.810483870967741604e-02
-3.048387096774193492e-02
-3.495967741935483708e-02
-4.572580645161290064e-02
-3.048387096774193492e-02
-2.286290322580645032e-02
-5.467741935483871191e-02
-2.286290322580645032e-02
-2.286290322580645032e-02
-3.810483870967741604e-02
-5.020161290322580627e-02
-7.620967741935483729e-03
-2.286290322580645032e-02
-5.020161290322580627e-02
-4.572580645161290064e-02
-7.620967741935483729e-03
-3.495967741935483708e-02
-2.286290322580645032e-02
-2.286290322580645032e-02
-3.495967741935483708e-02
-2.286290322580645032e-02
-3.048387096774193492e-02
-3.495967741935483708e-02
-3.495967741935483708e-02
-4.258064516129032168e-02
-3.810483870967741604e-02
-5.334677419354838523e-02
-1.524193548387096746e-02
-7.620967741935483729e-03
-2.286290322580645032e-02
-1.524193548387096746e-02
-3.048387096774193492e-02
-7.620967741935483729e-03
-5.334677419354838523e-02
-4.258064516129032168e-02
-3.048387096774193492e-02
-3.048387096774193492e-02
-2.733870967741935595e-02
-2.286290322580645032e-02
-7.620967741935483729e-03
-1.524193548387096746e-02
-3.495967741935483708e-02
-1.971774193548387136e-02
-2.286290322580645032e-02
-1.524193548387096746e-02
-1.524193548387096746e-02
-1.524193548387096746e-02
-3.810483870967741604e-02
-3.810483870967741604e-02
-2.286290322580645032e-02
-4.258064516129032168e-02
-2.286290322580645032e-02
0.000000000000000000e+00
-3.810483870967741604e-02
-3.810483870967741604e-02
-3.048387096774193492e-02
-7.620967741935483729e-03
-3.048387096774193492e-02
-2.286290322580645032e-02
-7.620967741935483729e-03
-3.048387096774193492e-02
-3.495967741935483708e-02
-7.620967741935483729e-03
-7.620967741935483729e-03
-1.524193548387096746e-02
-1.971774193548387136e-02
-3.048387096774193492e-02
-2.286290322580645032e-02
-7.620967741935483729e-03
0.000000000000000000e+00
-2.286290322580645032e-02
-2.286290322580645032e-02
-7.620967741935483729e-03
-7.620967741935483729e-03
-1.524193548387096746e-02
-1.524193548387096746e-02
-7.620967741935483729e-03
-2.733870967741935595e-02
-1.971774193548387136e-02
-1.524193548387096746e-02
-1.524193548387096746e-02
-1.524193548387096746e-02
-7.620967741935483729e-03
0.000000000000000000e+00
0.000000000000000000e+00
-7.620967741935483729e-03
-7.620967741935483729e-03
-3.048387096774193492e-02
-2.286290322580645032e-02
0.000000000000000000e+00
-1.524193548387096746e-02
-2.286290322580645032e-02
-7.620967741935483729e-03
-1.524193548387096746e-02
-7.620967741935483729e-03
-7.620967741935483729e-03
-2.286290322580645032e-02
0.000000000000000000e+00
0.000000000000000000e+00
-7.620967741935483729e-03
-3.810483870967741604e-02
-7.620967741935483729e-03
-1.524193548387096746e-02
-1.524193548387096746e-02
0.000000000000000000e+00
-7.620967741935483729e-03
-7.620967741935483729e-03
0.000000000000000000e+00
-7.620967741935483729e-03
-2.286290322580645032e-02
-2.733870967741935595e-02
-7.620967741935483729e-03
-1.524193548387096746e-02
-1.524193548387096746e-02
-7.620967741935483729e-03
-7.620967741935483729e-03
-1.524193548387096746e-02
0.000000000000000000e+00
-7.620967741935483729e-03
-7.620967741935483729e-03
-1.524193548387096746e-02
-7.620967741935483729e-03
-7.620967741935483729e-03
-7.620967741935483729e-03
0.000000000000000000e+00
-7.620967741935483729e-03
-7.620967741935483729e-03
-7.620967741935483729e-03
-2.286290322580645032e-02
0.000000000000000000e+00
-7.620967741935483729e-03
0.000000000000000000e+00
0.000000000000000000e+00
0.000000000000000000e+00
-7.620967741935483729e-03
-2.286290322580645032e-02
-1.524193548387096746e-02
0.000000000000000000e+00
0.000000000000000000e+00
-7.620967741935483729e-03
-7.620967741935483729e-03
-1.524193548387096746e-02
-1.524193548387096746e-02
-7.620967741935483729e-03
-7.620967741935483729e-03
0.000000000000000000e+00
0.000000000000000000e+00
-7.620967741935483729e-03
0.000000000000000000e+00
-7.620967741935483729e-03
0.000000000000000000e+00
-7.620967741935483729e-03
0.000000000000000000e+00
0.000000000000000000e+00
-1.524193548387096746e-02
0.000000000000000000e+00
0.000000000000000000e+00
-7.620967741935483729e-03
0.000000000000000000e+00
-7.620967741935483729e-03
0.000000000000000000e+00
0.000000000000000000e+00
-7.620967741935483729e-03
0.000000000000000000e+00
0.000000000000000000e+00
-7.620967741935483729e-03
-7.620967741935483729e-03
0.000000000000000000e+00
-7.620967741935483729e-03
-7.620967741935483729e-03
0.000000000000000000e+00
0.000000000000000000e+00
0.000000000000000000e+00
0.000000000000000000e+00
0.000000000000000000e+00
0.000000000000000000e+00
-7.620967741935483729e-03
-7.620967741935483729e-03
-7.620967741935483729e-03
0.000000000000000000e+00
0.000000000000000000e+00
-7.620967741935483729e-03
0.000000000000000000e+00
0.000000000000000000e+00
0.000000000000000000e+00
0.000000000000000000e+00
0.000000000000000000e+00
0.000000000000000000e+00
0.000000000000000000e+00
0.000000000000000000e+00
0.000000000000000000e+00
0.000000000000000000e+00
-7.620967741935483729e-03
0.000000000000000000e+00
-7.620967741935483729e-03
0.000000000000000000e+00
0.000000000000000000e+00
-1.524193548387096746e-02
0.000000000000000000e+00
0.000000000000000000e+00
0.000000000000000000e+00
-7.620967741935483729e-03
0.000000000000000000e+00
0.000000000000000000e+00
0.000000000000000000e+00
-7.620967741935483729e-03
0.000000000000000000e+00
0.000000000000000000e+00
0.000000000000000000e+00
-7.620967741935483729e-03
0.000000000000000000e+00
0.000000000000000000e+00
0.000000000000000000e+00
0.000000000000000000e+00
-7.620967741935483729e-03
-7.620967741935483729e-03
-7.620967741935483729e-03
0.000000000000000000e+00
0.000000000000000000e+00
0.000000000000000000e+00
0.000000000000000000e+00
0.000000000000000000e+00
0.000000000000000000e+00
0.000000000000000000e+00
-7.620967741935483729e-03
0.000000000000000000e+00
-7.620967741935483729e-03
0.000000000000000000e+00
0.000000000000000000e+00
-1.524193548387096746e-02
0.000000000000000000e+00
-7.620967741935483729e-03
0.000000000000000000e+00
0.000000000000000000e+00
0.000000000000000000e+00
0.000000000000000000e+00
-7.620967741935483729e-03
0.000000000000000000e+00
0.000000000000000000e+00
0.000000000000000000e+00
0.000000000000000000e+00
-7.620967741935483729e-03
0.000000000000000000e+00
-7.620967741935483729e-03
0.000000000000000000e+00
0.000000000000000000e+00
0.000000000000000000e+00
-7.620967741935483729e-03
0.000000000000000000e+00
0.000000000000000000e+00
0.000000000000000000e+00
0.000000000000000000e+00
0.000000000000000000e+00
-7.620967741935483729e-03
0.000000000000000000e+00
0.000000000000000000e+00
0.000000000000000000e+00
0.000000000000000000e+00
0.000000000000000000e+00
0.000000000000000000e+00
0.000000000000000000e+00
0.000000000000000000e+00
0.000000000000000000e+00
0.000000000000000000e+00
0.000000000000000000e+00
0.000000000000000000e+00
-7.620967741935483729e-03
0.000000000000000000e+00
0.000000000000000000e+00
0.000000000000000000e+00
0.000000000000000000e+00
0.000000000000000000e+00
0.000000000000000000e+00
0.000000000000000000e+00
0.000000000000000000e+00
0.000000000000000000e+00
-7.620967741935483729e-03
0.000000000000000000e+00
0.000000000000000000e+00
0.000000000000000000e+00
0.000000000000000000e+00
-7.620967741935483729e-03
0.000000000000000000e+00
0.000000000000000000e+00
0.000000000000000000e+00
0.000000000000000000e+00
0.000000000000000000e+00
0.000000000000000000e+00
-7.620967741935483729e-03
0.000000000000000000e+00
0.000000000000000000e+00
0.000000000000000000e+00
0.000000000000000000e+00
-7.620967741935483729e-03
0.000000000000000000e+00
0.000000000000000000e+00
-7.620967741935483729e-03
0.000000000000000000e+00
0.000000000000000000e+00
0.000000000000000000e+00
0.000000000000000000e+00
0.000000000000000000e+00
0.000000000000000000e+00
0.000000000000000000e+00
0.000000000000000000e+00
0.000000000000000000e+00
0.000000000000000000e+00
0.000000000000000000e+00
0.000000000000000000e+00
0.000000000000000000e+00
0.000000000000000000e+00
0.000000000000000000e+00
0.000000000000000000e+00
0.000000000000000000e+00
0.000000000000000000e+00
0.000000000000000000e+00
0.000000000000000000e+00
0.000000000000000000e+00
0.000000000000000000e+00
0.000000000000000000e+00
0.000000000000000000e+00
0.000000000000000000e+00
0.000000000000000000e+00
0.000000000000000000e+00
0.000000000000000000e+00
0.000000000000000000e+00
0.000000000000000000e+00
0.000000000000000000e+00
0.000000000000000000e+00
0.000000000000000000e+00
0.000000000000000000e+00
0.000000000000000000e+00
0.000000000000000000e+00
0.000000000000000000e+00
0.000000000000000000e+00
0.000000000000000000e+00
0.000000000000000000e+00
0.000000000000000000e+00
0.000000000000000000e+00
-7.620967741935483729e-03
