-6.368688508064512810e-01
-6.656739919354838220e-01
-8.407439516129031620e-01
-6.684208669354838595e-01
-6.081139112903224397e-01
-6.647416330645160576e-01
-5.906089717741934697e-01
-5.174942540322580165e-01
-5.785121975806450934e-01
-6.643433467741933773e-01
-6.315964717741935353e-01
-6.836628024193548425e-01
-5.100090725806450953e-01
-4.085377016129032035e-01
-5.418235887096775061e-01
-5.328719758064516254e-01
-5.650847782258062724e-01
-5.839203629032257981e-01
-5.394750000000000378e-01
-5.476300403225806690e-01
-5.008360887096774405e-01
-4.969799395161290656e-01
-4.474391129032257997e-01
-3.640923387096774988e-01
-5.363298387096774311e-01
-4.942330645161290281e-01
-4.987088709677419684e-01
-4.277213709677419318e-01
-4.842635080645161239e-01
-3.923634072580645671e-01
-3.793342741935483708e-01
-3.361339717741935185e-01
-3.384825604838709867e-01
-3.510632056451613026e-01
-3.721115927419355041e-01
-3.380842741935483620e-01
-3.447728830645161446e-01
-3.250551411290322767e-01
-4.048584677419354572e-01
-3.416277217741935934e-01
-4.182858870967741116e-01
-3.940923387096773589e-01
-3.931599798387096500e-01
-2.945712701612903661e-01
-3.236389112903225729e-01
-3.730439516129032129e-01
-3.012598790322580933e-01
-3.330743951612902820e-01
-2.644856854838709137e-01
-3.479180443548386958e-01
-2.828727822580645035e-01
-2.648839717741935385e-01
-2.092741935483871385e-01
-3.344050403225806711e-01
-3.416277217741935934e-01
-2.590775201612903755e-01
-3.250551411290322767e-01
-2.469807459677418882e-01
-2.680291330645160897e-01
-3.165018145161291319e-01
-2.663002016129032978e-01
-2.223033266129031960e-01
-2.550000000000000044e-01
-2.362146169354838454e-01
-2.850855846774192903e-01
-1.909726814516128912e-01
-2.124193548387096342e-01
-1.896420362903225576e-01
-2.397580645161289936e-01
-2.044001008064516012e-01
-2.743194556451612476e-01
-2.739211693548387339e-01
-2.339516129032258029e-01
-2.563306451612902270e-01
-2.348839717741935673e-01
-2.899596774193547999e-01
-2.047983870967741704e-01
-1.506048387096774188e-01
-2.981147177419355421e-01
-2.546017137096773797e-01
-1.716532258064516481e-01
-2.352822580645161088e-01
-2.487096774193547910e-01
-1.779435483870967505e-01
-1.685080645161289858e-01
-2.066129032258064435e-01
-2.142338709677419351e-01
-2.047983870967741704e-01
-2.604081653225806536e-01
-1.729838709677418984e-01
-1.985936491935484383e-01
-2.339516129032258029e-01
-1.685080645161290414e-01
-1.232661290322580316e-01
-1.716532258064516203e-01
-2.034677419354838368e-01
-2.366984879032258682e-01
-1.729838709677418984e-01
-2.670967741935483808e-01
-1.989919354838709520e-01
-1.703225806451612867e-01
-1.685080645161290136e-01
-1.850806451612902748e-01
-1.587598790322580500e-01
-1.429838709677418995e-01
-1.111693548387096553e-01
-1.277419354838709442e-01
-1.627016129032258229e-01
-1.882258064516129092e-01
-1.519354838709676969e-01
-1.703225806451612589e-01
-2.066129032258064435e-01
-1.232661290322580316e-01
-1.062096774193548310e-01
-1.201209677419354527e-01
-1.608870967741935221e-01
-1.353629032258064357e-01
-1.487903225806452012e-01
-1.595564516129032162e-01
-1.989919354838709797e-01
-4.572580645161290064e-02
-1.868951612903225479e-01
-1.398387096774193206e-01
-1.582258064516129104e-01
-9.725806451612900583e-02
-1.564112903225806650e-01
-1.187903225806451191e-01
-1.353629032258064080e-01
-2.276612903225806450e-01
-1.443145161290322609e-01
-1.353629032258064357e-01
-1.824193548387096908e-01
-1.501209677419354793e-01
-1.564112903225806372e-01
-1.913709677419354604e-01
-1.524193548387096642e-01
-1.245967741935483514e-01
-1.627016129032258229e-01
-9.278225806451612101e-02
-1.640322580645161288e-01
-1.411693548387096819e-01
-7.754032258064515182e-02
-1.492741935483870852e-01
-1.335483870967741626e-01
-8.830645161290320844e-02
-1.640322580645160733e-01
-1.913709677419354327e-01
-1.277419354838709442e-01
-7.439516129032257286e-02
-1.201209677419354527e-01
-1.729838709677419262e-01
-1.093548387096774099e-01
-1.882258064516129092e-01
-1.080241935483870763e-01
-9.725806451612903358e-02
-1.398387096774193206e-01
-1.124999999999999750e-01
-1.456451612903225945e-01
-1.290725806451612778e-01
-8.068548387096773078e-02
-1.066935483870967427e-01
-7.754032258064515182e-02
-1.035483870967741776e-01
-7.306451612903225312e-02
-7.887096774193548543e-02
-1.429838709677419273e-01
-7.306451612903225312e-02
-8.516129032258062947e-02
-1.183064516129032212e-01
-8.963709677419352817e-02
-6.096774193548386983e-02
-1.124999999999999889e-01
-8.516129032258062947e-02
-1.201209677419354666e-01
-5.782258064516129087e-02
-1.080241935483870763e-01
-1.048790322580644974e-01
-9.592741935483868609e-02
-9.725806451612901971e-02
-1.030645161290322659e-01
-9.411290322580644074e-02
-8.068548387096773078e-02
-5.782258064516129087e-02
-1.245967741935483653e-01
-8.963709677419354205e-02
-1.017338709677419184e-01
-1.004032258064515848e-01
-8.516129032258064335e-02
-7.306451612903225312e-02
-7.306451612903225312e-02
-5.782258064516129087e-02
-8.383064516129030974e-02
-8.201612903225806439e-02
-4.572580645161290064e-02
-7.754032258064515182e-02
-8.201612903225806439e-02
-8.963709677419354205e-02
-7.306451612903225312e-02
-8.383064516129030974e-02
-8.201612903225805051e-02
-7.306451612903225312e-02
-1.004032258064515987e-01
-9.907258064516126506e-02
-7.754032258064516570e-02
-7.306451612903225312e-02
-3.495967741935483708e-02
-6.229838709677419650e-02
-5.334677419354838523e-02
-7.620967741935483208e-02
-8.068548387096773078e-02
-1.524193548387096746e-02
-6.858870967741935443e-02
-9.278225806451612101e-02
-8.068548387096773078e-02
-7.754032258064516570e-02
-4.258064516129032168e-02
-6.991935483870967416e-02
-5.020161290322580627e-02
-5.467741935483871191e-02
-5.467741935483871191e-02
-3.943548387096774271e-02
-3.495967741935483708e-02
-5.915322580645161754e-02
-1.524193548387096746e-02
-7.754032258064515182e-02
-1.524193548387096746e-02
-3.048387096774193492e-02
-5.334677419354838523e-02
-5.782258064516129087e-02
-7.754032258064515182e-02
-4.705645161290322731e-02
-2.733870967741935595e-02
-4.572580645161290064e-02
-1.048790322580644974e-01
-3.048387096774193492e-02
-2.286290322580645032e-02
-9.278225806451612101e-02
-2.733870967741935595e-02
-6.991935483870967416e-02
-7.306451612903225312e-02
-6.096774193548386983e-02
-4.705645161290322731e-02
-2.286290322580645032e-02
-2.286290322580645032e-02
-5.020161290322580627e-02
-2.286290322580645032e-02
-4.258064516129032168e-02
-2.733870967741935595e-02
-5.334677419354838523e-02
-1.524193548387096746e-02
-5.334677419354838523e-02
-3.048387096774193492e-02
-6.991935483870967416e-02
-3.810483870967741604e-02
-3.048387096774193492e-02
-6.858870967741935443e-02
-5.334677419354838523e-02
-5.334677419354838523e-02
-2.286290322580645032e-02
-4.258064516129032168e-02
-1.524193548387096746e-02
-2.286290322580645032e-02
-4.705645161290322731e-02
-5.467741935483871191e-02
-7.620967741935483729e-03
-5.334677419354838523e-02
-3.048387096774193492e-02
-1.524193548387096746e-02
-3.048387096774193492e-02
-3.048387096774193492e-02
-7.620967741935483729e-03
-4.572580645161290064e-02
-4.258064516129032168e-02
-1.524193548387096746e-02
-4.572580645161290064e-02
-4.572580645161290064e-02
-1.524193548387096746e-02
-3.048387096774193492e-02
-2.286290322580645032e-02
-1.524193548387096746e-02
-2.286290322580645032e-02
-4.572580645161290064e-02
-2.733870967741935595e-02
-1.524193548387096746e-02
-1.524193548387096746e-02
-3.810483870967741604e-02
-5.467741935483871191e-02
-1.524193548387096746e-02
-3.495967741935483708e-02
-2.733870967741935595e-02
-4.258064516129032168e-02
-2.286290322580645032e-02
-1.524193548387096746e-02
-3.495967741935483708e-02
-1.524193548387096746e-02
-4.705645161290322731e-02
-5.334677419354838523e-02
-1.524193548387096746e-02
-2.286290322580645032e-02
-3.048387096774193492e-02
-3.048387096774193492e-02
-1.524193548387096746e-02
0.000000000000000000e+00
-3.810483870967741604e-02
-4.572580645161290064e-02
-1.524193548387096746e-02
-1.524193548387096746e-02
-2.286290322580645032e-02
-1.524193548387096746e-02
-2.286290322580645032e-02
-1.524193548387096746e-02
-1.524193548387096746e-02
-7.620967741935483729e-03
-3.810483870967741604e-02
-7.620967741935483729e-03
-7.620967741935483729e-03
-1.524193548387096746e-02
-3.810483870967741604e-02
-7.620967741935483729e-03
-1.524193548387096746e-02
-7.620967741935483729e-03
-3.810483870967741604e-02
-2.286290322580645032e-02
-3.048387096774193492e-02
-7.620967741935483729e-03
-7.620967741935483729e-03
0.000000000000000000e+00
-2.286290322580645032e-02
-1.524193548387096746e-02
-7.620967741935483729e-03
-7.620967741935483729e-03
-7.620967741935483729e-03
-2.286290322580645032e-02
-3.048387096774193492e-02
-2.286290322580645032e-02
-1.524193548387096746e-02
-1.524193548387096746e-02
-7.620967741935483729e-03
0.000000000000000000e+00
-2.286290322580645032e-02
-1.524193548387096746e-02
-1.524193548387096746e-02
-1.524193548387096746e-02
-7.620967741935483729e-03
-2.733870967741935595e-02
-1.524193548387096746e-02
-2.286290322580645032e-02
-1.971774193548387136e-02
-2.286290322580645032e-02
0.000000000000000000e+00
-1.524193548387096746e-02
-2.286290322580645032e-02
-1.524193548387096746e-02
-7.620967741935483729e-03
-1.524193548387096746e-02
-7.620967741935483729e-03
0.000000000000000000e+00
-3.048387096774193492e-02
-7.620967741935483729e-03
-7.620967741935483729e-03
-7.620967741935483729e-03
-2.286290322580645032e-02
-7.620967741935483729e-03
-7.620967741935483729e-03
0.000000000000000000e+00
-1.209677419354838850e-02
-2.286290322580645032e-02
-3.048387096774193492e-02
-1.524193548387096746e-02
-2.286290322580645032e-02
0.000000000000000000e+00
-1.524193548387096746e-02
-7.620967741935483729e-03
-7.620967741935483729e-03
0.000000000000000000e+00
-7.620967741935483729e-03
0.000000000000000000e+00
0.000000000000000000e+00
-7.620967741935483729e-03
-1.524193548387096746e-02
-7.620967741935483729e-03
-1.524193548387096746e-02
-7.620967741935483729e-03
-7.620967741935483729e-03
-7.620967741935483729e-03
-7.620967741935483729e-03
0.000000000000000000e+00
0.000000000000000000e+00
-7.620967741935483729e-03
-7.620967741935483729e-03
-7.620967741935483729e-03
0.000000000000000000e+00
-2.286290322580645032e-02
0.000000000000000000e+00
-7.620967741935483729e-03
0.000000000000000000e+00
-1.524193548387096746e-02
-7.620967741935483729e-03
0.000000000000000000e+00
-7.620967741935483729e-03
0.000000000000000000e+00
-1.524193548387096746e-02
-7.620967741935483729e-03
0.000000000000000000e+00
0.000000000000000000e+00
0.000000000000000000e+00
0.000000000000000000e+00
-1.524193548387096746e-02
-7.620967741935483729e-03
-7.620967741935483729e-03
0.000000000000000000e+00
0.000000000000000000e+00
0.000000000000000000e+00
0.000000000000000000e+00
-7.620967741935483729e-03
0.000000000000000000e+00
0.000000000000000000e+00
-7.620967741935483729e-03
0.000000000000000000e+00
-1.524193548387096746e-02
0.000000000000000000e+00
0.000000000000000000e+00
0.000000000000000000e+00
0.000000000000000000e+00
0.000000000000000000e+00
-1.524193548387096746e-02
0.000000000000000000e+00
-7.620967741935483729e-03
0.000000000000000000e+00
0.000000000000000000e+00
0.000000000000000000e+00
-7.620967741935483729e-03
0.000000000000000000e+00
-1.524193548387096746e-02
0.000000000000000000e+00
0.000000000000000000e+00
0.000000000000000000e+00
-7.620967741935483729e-03
0.000000000000000000e+00
0.000000000000000000e+00
-7.620967741935483729e-03
-7.620967741935483729e-03
-7.620967741935483729e-03
0.000000000000000000e+00
0.000000000000000000e+00
0.000000000000000000e+00
0.000000000000000000e+00
0.000000000000000000e+00
0.000000000000000000e+00
0.000000000000000000e+00
0.000000000000000000e+00
0.000000000000000000e+00
0.000000000000000000e+00
0.000000000000000000e+00
0.000000000000000000e+00
0.000000000000000000e+00
0.000000000000000000e+00
0.000000000000000000e+00
0.000000000000000000e+00
0.000000000000000000e+00
0.000000000000000000e+00
0.000000000000000000e+00
-7.620967741935483729e-03
0.000000000000000000e+00
0.000000000000000000e+00
0.000000000000000000e+00
0.000000000000000000e+00
0.000000000000000000e+00
0.000000000000000000e+00
0.000000000000000000e+00
0.000000000000000000e+00
0.000000000000000000e+00
0.000000000000000000e+00
0.000000000000000000e+00
-7.620967741935483729e-03
0.000000000000000000e+00
-1.524193548387096746e-02
-7.620967741935483729e-03
0.000000000000000000e+00
0.000000000000000000e+00
-7.620967741935483729e-03
0.000000000000000000e+00
0.000000000000000000e+00
0.000000000000000000e+00
0.000000000000000000e+00
-7.620967741935483729e-03
0.000000000000000000e+00
0.000000000000000000e+00
0.000000000000000000e+00
-7.620967741935483729e-03
0.000000000000000000e+00
0.000000000000000000e+00
0.000000000000000000e+00
-7.620967741935483729e-03
-7.620967741935483729e-03
0.000000000000000000e+00
-7.620967741935483729e-03
0.000000000000000000e+00
0.000000000000000000e+00
0.000000000000000000e+00
0.000000000000000000e+00
0.000000000000000000e+00
-7.620967741935483729e-03
0.000000000000000000e+00
0.000000000000000000e+00
-7.620967741935483729e-03
0.000000000000000000e+00
0.000000000000000000e+00
0.000000000000000000e+00
0.000000000000000000e+00
0.000000000000000000e+00
0.000000000000000000e+00
0.000000000000000000e+00
0.000000000000000000e+00
0.000000000000000000e+00
0.000000000000000000e+00
0.000000000000000000e+00
0.000000000000000000e+00
0.000000000000000000e+00
0.000000000000000000e+00
0.000000000000000000e+00
0.000000000000000000e+00
0.000000000000000000e+00
0.000000000000000000e+00
0.000000000000000000e+00
0.000000000000000000e+00
0.000000000000000000e+00
0.000000000000000000e+00
0.000000000000000000e+00
0.000000000000000000e+00
0.000000000000000000e+00
0.000000000000000000e+00
0.000000000000000000e+00
0.000000000000000000e+00
0.000000000000000000e+00
0.000000000000000000e+00
0.000000000000000000e+00
-1.524193548387096746e-02
0.000000000000000000e+00
0.000000000000000000e+00
-7.620967741935483729e-03
0.000000000000000000e+00
0.000000000000000000e+00
0.000000000000000000e+00
0.000000000000000000e+00
0.000000000000000000e+00
0.000000000000000000e+00
0.000000000000000000e+00
-7.620967741935483729e-03
0.000000000000000000e+00
0.000000000000000000e+00
0.000000000000000000e+00
0.000000000000000000e+00
0.000000000000000000e+00
0.000000000000000000e+00
0.000000000000000000e+00
0.000000000000000000e+00
0.000000000000000000e+00
0.000000000000000000e+00
0.000000000000000000e+00
0.000000000000000000e+00
0.000000000000000000e+00
0.000000000000000000e+00
0.000000000000000000e+00
0.000000000000000000e+00
0.000000000000000000e+00
0.000000000000000000e+00
0.000000000000000000e+00
0.000000000000000000e+00
0.000000000000000000e+00
0.000000000000000000e+00
0.000000000000000000e+00
0.000000000000000000e+00
0.000000000000000000e+00
0.000000000000000000e+00
0.000000000000000000e+00
-7.620967741935483729e-03
0.000000000000000000e+00
0.000000000000000000e+00
0.000000000000000000e+00
0.000000000000000000e+00
0.000000000000000000e+00
0.000000000000000000e+00
0.000000000000000000e+00
0.000000000000000000e+00
0.000000000000000000e+00
0.000000000000000000e+00
0.000000000000000000e+00
0.000000000000000000e+00
0.000000000000000000e+00
0.000000000000000000e+00
0.000000000000000000e+00
0.000000000000000000e+00
0.000000000000000000e+00
0.000000000000000000e+00
0.000000000000000000e+00
0.000000000000000000e+00
0.000000000000000000e+00
0.000000000000000000e+00
0.000000000000000000e+00
