-9.998543896690276211e-01
-2.058504530673708199e+00
-5.488780975452007826e-01
-1.938323152764352519e+00
-2.461398619487174422e+00
-2.220586486133574233e+00
-2.335373771252139186e+00
-5.983876762103734759e-01
-7.039471065741472744e-01
-2.464340860357021601e+00
-1.460919727297754100e+00
-2.582598895252133708e+00
-1.698701073935922290e+00
-2.359891510197403619e+00
-1.250027421289032326e+00
-1.436479208433078192e+00
-2.101416958972667892e+00
-1.846404784989583270e+00
-2.542056243682762506e+00
-2.552419503874606921e+00
-8.747095841360117419e-01
-1.823670149426732445e+00
-2.377246748283006195e+00
-9.188846532664570743e-01
-1.482058789877487959e+00
-2.289554875964175285e+00
-2.208027748502621179e+00
-1.830755953951506365e+00
-2.057213003132614126e+00
-9.471163260014903162e-01
-2.800714913473646650e+00
-1.605859233608109671e+00
-1.610197474080931501e+00
-1.609953875443329130e+00
-1.602567050825626227e+00
-1.610146366373442550e+00
-1.605374894933927710e+00
-1.605353492125965786e+00
-1.610297039628230342e+00
-1.603020832925444727e+00
-1.610013107357247453e+00
-1.604535274363535047e+00
-1.602548007006796782e+00
-1.602739438398670835e+00
-1.602454728044193422e+00
-1.605561325026176434e+00
-1.602503030916917925e+00
-1.602398090052704616e+00
-1.606469430459618097e+00
-1.602445888349373737e+00
-1.602777025759602791e+00
-1.605432937063154375e+00
-1.602777030002606073e+00
-1.604851465283881229e+00
-1.602705923622246509e+00
-1.602561076508677296e+00
-1.603447847516777713e+00
-1.614488648820230354e+00
-1.603046260026181002e+00
-1.609972405587275057e+00
-1.610069150334588306e+00
-1.605667161589373837e+00
-1.603488907387772722e+00
-1.602846010414337607e+00
-1.602648521745988486e+00
-1.603057394794898505e+00
-1.603718964093500787e+00
-1.603579865770849544e+00
-1.614513141798576079e+00
-1.610305068183191635e+00
-1.602398241274173740e+00
-1.602406154549117501e+00
-1.602430068036087230e+00
-1.614672399708423800e+00
-1.614493490319794056e+00
-1.602706781394114044e+00
-1.605822250680115193e+00
-1.633696296027600692e+00
-1.610037768478447040e+00
-1.610022781647051593e+00
-1.602448438760357474e+00
-1.603508158513462512e+00
-1.609959597921653440e+00
-1.609952406099412370e+00
-1.610026799697459099e+00
-1.602678623633122523e+00
-1.602509820285671349e+00
-1.614452586576055948e+00
-1.610345651439329062e+00
-1.602400634665081425e+00
-1.614444548295269399e+00
-1.602596815613468229e+00
-1.603182622596400320e+00
-1.603730901393544794e+00
-1.610321695098672512e+00
-1.602526343397191688e+00
-1.603809047902841067e+00
-1.603119173312204104e+00
-1.614603975207869135e+00
-1.610263675722352072e+00
-1.604472017414556362e+00
-1.602370257267897280e+00
-1.602408884841157288e+00
-1.609959793204674527e+00
-1.610036330414511774e+00
-1.606281109952372166e+00
-1.602743043638177323e+00
-1.602606966587724724e+00
-1.614465990971144294e+00
-1.604746763855747771e+00
-1.603199542822983714e+00
-1.609946420890552954e+00
-1.610247878009832823e+00
-1.609981378051861922e+00
-1.602364904820424263e+00
-1.614414302313215810e+00
-1.604148646041944515e+00
-1.605904483304317010e+00
-1.614530051226554130e+00
-1.602465763880777327e+00
-1.604411107762437672e+00
-1.614423178739687437e+00
-1.602405741024183872e+00
-1.605514238146000139e+00
-1.603754602766036319e+00
-1.614408822497283014e+00
-1.603826204241102893e+00
-1.602562410275329308e+00
-1.603157743751905118e+00
-1.610317296061551495e+00
-1.602445632912086859e+00
-1.604564282178824852e+00
-1.610132945878459454e+00
-1.602416763623246476e+00
-1.602359071514471545e+00
-1.614427346817675524e+00
-1.602581717372156156e+00
-1.602935025564543592e+00
-1.603240448616681357e+00
-1.602491196222253445e+00
-1.605514945104286717e+00
-1.609974869380997653e+00
-1.602937002453154625e+00
-1.610149702281231221e+00
-1.602613279629253151e+00
-1.602455872084134869e+00
-1.603467062457134551e+00
-1.603084518754185339e+00
-1.610091659811081044e+00
-1.602595480138397699e+00
-1.602443549121516320e+00
-1.610628773256566282e+00
-1.603929360371594504e+00
-1.603644400773415191e+00
-1.602928094079038690e+00
-1.603182041071741892e+00
-1.610599769405608228e+00
-1.614431364586071060e+00
-1.614677328508985266e+00
-1.602702606790630036e+00
-1.602378435897775510e+00
-1.610030746093765952e+00
-1.602857452347230094e+00
-1.603080511223982763e+00
-1.610106854990434933e+00
-1.602486830870841761e+00
-1.614487859264535752e+00
-1.610205976221625868e+00
-1.602508028104370208e+00
-1.602730930824722844e+00
-1.602359980715631460e+00
-1.614448244590340087e+00
-1.605243494778678448e+00
-1.603155979217242511e+00
-1.602472324088080269e+00
-1.604675343091285900e+00
-1.603269210074592666e+00
-1.605488453933465509e+00
-1.602450430415153226e+00
-1.603422746951887579e+00
-1.603725602019161922e+00
-1.602479986893070141e+00
-1.602949299428878094e+00
-1.603744871594921406e+00
-1.614457372533826041e+00
-1.610073854628824241e+00
-1.604883020004692851e+00
-1.614686822469056704e+00
-1.604574980302078124e+00
-1.604548860958178169e+00
-1.605567993937982108e+00
-1.604362161929381303e+00
-1.603685104685333318e+00
-1.602366649387311437e+00
-1.602970370885400619e+00
-1.610116895794610592e+00
-1.603774129833785977e+00
-1.604624132256158964e+00
-1.605721088283265985e+00
-1.603786719480221556e+00
-1.614424028519970911e+00
-1.602993531965961171e+00
-1.603314857922773395e+00
-1.602618154972678788e+00
-1.605830908124965761e+00
-1.609990494314239351e+00
-1.602808804643295337e+00
-1.602510252592925122e+00
-1.610096330339987114e+00
-1.614515453717340066e+00
-1.606392984092976484e+00
-1.610047357476506624e+00
-1.602658957499288883e+00
-1.605657324547269837e+00
-1.604300977407389750e+00
-1.610044431469781934e+00
-1.602764059395819229e+00
-1.602678443190156177e+00
-1.603025863066961820e+00
-1.609955506923028912e+00
-1.603568854984561698e+00
-1.602960568340333403e+00
-1.602784443968128025e+00
-1.602570354839846445e+00
-1.609985958469509981e+00
-1.603485615117384411e+00
-1.603123840370997311e+00
-1.602562882576343828e+00
-1.602383014426744579e+00
-1.603321439898004463e+00
-1.602357993097844435e+00
-1.604713080094294586e+00
-1.602687870699023076e+00
-1.605341054398690348e+00
-1.606191373634631159e+00
-1.602403154887744208e+00
-1.603648303110788875e+00
-1.602483633701264898e+00
-1.604135728008117878e+00
-1.603990963785734580e+00
-1.602417738543103543e+00
-1.603454449411727767e+00
-1.603036087881693827e+00
-1.614683439615863580e+00
-1.602846631784125231e+00
-1.602414900252506991e+00
-1.602739507520447582e+00
-1.610457365452306444e+00
-1.602781644454291277e+00
-1.602389447239532805e+00
-1.602359997953415327e+00
-1.603107753855348205e+00
-1.602444864356693310e+00
-1.602360221827462405e+00
-1.604848478995670957e+00
-1.603650029274035882e+00
-1.602409715719357530e+00
-1.610098791998162415e+00
-1.605064391958810788e+00
-1.602381446598636794e+00
-1.603176982384218574e+00
-1.602524694011622897e+00
-1.603293587903506401e+00
-1.602622686149988818e+00
-1.602400969262116392e+00
-1.603720008021333854e+00
-1.602828591725424134e+00
-1.602919035774973633e+00
-1.602383303331336162e+00
-1.604611689910602657e+00
-1.602698044178723080e+00
-1.602686125757763369e+00
-1.602606998308106823e+00
-1.605345167879547397e+00
-1.602896165546038754e+00
-1.604082451606569926e+00
-1.602983859288162671e+00
-1.605344955234160098e+00
-1.603015755279974641e+00
-1.603357699951414750e+00
-1.605339909722452107e+00
-1.603857256552858601e+00
-1.602657814373610989e+00
-1.602431454629483998e+00
-1.603686018540730895e+00
-1.602615428540209441e+00
-1.603174019738247802e+00
-1.602362688516485889e+00
-1.603208791414566736e+00
-1.602471351349550321e+00
-1.604789611426754137e+00
-1.604432106677105230e+00
-1.602775740537834226e+00
-1.603082217052831826e+00
-1.605355980655511772e+00
-1.602844448290640544e+00
-1.602650845960660320e+00
-1.602714103749609986e+00
-1.602377932400127492e+00
-1.603145974748241942e+00
-1.603231506223983693e+00
-1.602501292998709692e+00
-1.602369355692406572e+00
-1.602442006351438186e+00
-1.602760730013324419e+00
-1.603217943501487719e+00
-1.602358001893689377e+00
-1.602465693827058724e+00
-1.602970235811107536e+00
-1.602789346247734281e+00
-1.603953401613761987e+00
-1.603286303564474435e+00
-1.603042263066276174e+00
-1.602469630904874043e+00
-1.602359616805198339e+00
-1.602375079090218257e+00
-1.602424144532609507e+00
-1.602738334170922263e+00
-1.602445742125661265e+00
-1.603137050443016687e+00
-1.602429857118075729e+00
-1.603344968461253295e+00
-1.602536657599607173e+00
-1.602470007018754750e+00
-1.606087982871461595e+00
-1.602669901688569487e+00
-1.605768675764697617e+00
-1.603779174483052739e+00
-1.604222795234989674e+00
-1.605083256704377570e+00
-1.602404669689082128e+00
-1.602988095729642737e+00
-1.602579930680760878e+00
-1.602429223024986804e+00
-1.602628565392464566e+00
-1.602558585374127098e+00
-1.602391444851781976e+00
-1.603769685273761736e+00
-1.602814820264913731e+00
-1.602846688642201478e+00
-1.602695972428308302e+00
-1.602453308943925459e+00
-1.602706374400788336e+00
-1.602960188838120859e+00
-1.602578319277614405e+00
-1.603042539152989665e+00
-1.602500782412983771e+00
-1.602362124840938984e+00
-1.603459676625848873e+00
-1.606434027561324251e+00
-1.602454131249507974e+00
-1.603474940021324846e+00
-1.605834162194399006e+00
-1.609945459502105658e+00
-1.604597563438204144e+00
-1.602611837840464348e+00
-1.602380612699531248e+00
-1.602659427545802817e+00
-1.602403610123483757e+00
-1.603638695757133803e+00
-1.602361667181752436e+00
-1.602930189087079293e+00
-1.602469341208940357e+00
-1.603294977721581471e+00
-1.603718331531498675e+00
-1.606404018484010487e+00
-1.605655648976422434e+00
-1.602377515358234472e+00
-1.605509253556354876e+00
-1.609939396384074906e+00
-1.606287384169873933e+00
-1.603180172199819342e+00
-1.602803145987345301e+00
-1.603409645328640387e+00
-1.603395469123577444e+00
-1.603589109280317837e+00
-1.610000873277863453e+00
-1.603118521836212951e+00
-1.602923010762362432e+00
-1.602961844574810613e+00
-1.603914702128189429e+00
-1.602754017508255302e+00
-1.602913792714612873e+00
-1.605035330397016846e+00
-1.602548291483683052e+00
-1.603628899425233234e+00
-1.603245490857764244e+00
-1.606454173325139179e+00
-1.603234712253769789e+00
-1.603514367203989543e+00
-1.605334720779978630e+00
-1.604991794710904029e+00
-1.604068320888632604e+00
-1.603197879840847273e+00
-1.603389298542946317e+00
-1.603094318861319589e+00
-1.602615680220320860e+00
-1.602411858305318182e+00
-1.603881279660203552e+00
-1.605617437522331770e+00
-1.604373958755295426e+00
-1.602509006330065766e+00
-1.602446097702461492e+00
-1.602600838967045638e+00
-1.603625485033548959e+00
-1.602375664273017142e+00
-1.602360258059436715e+00
-1.604838408812402584e+00
-1.603436325308271959e+00
-1.604857842417029890e+00
-1.603515233276907814e+00
-1.603056238497678532e+00
-1.603489432486377764e+00
-1.603287900164934721e+00
-1.605410738125677916e+00
-1.602692795992008756e+00
-1.602588669200219140e+00
-1.603191011429859536e+00
-1.603438052279236192e+00
-1.604435587293653986e+00
-1.602718704240365222e+00
-1.602582161073209610e+00
-1.602876607394920105e+00
-1.604607474394403877e+00
-1.604650926087755947e+00
-1.602426915086962778e+00
-1.602503494209094548e+00
-1.603397729307095787e+00
-1.603712111492716419e+00
-1.602462454103128930e+00
-1.603060129180143623e+00
-1.604072968102625785e+00
-1.602768898215565452e+00
-1.603777154226401880e+00
-1.602522306321794821e+00
-1.602898585887170713e+00
-1.602861145817050970e+00
-1.603907090638846400e+00
-1.602628661724895265e+00
-1.604947531539046013e+00
-1.602369913971166904e+00
-1.602866924197840381e+00
-1.604504177993472780e+00
-1.602963050586974303e+00
-1.603000846334834861e+00
-1.602379500039894822e+00
-1.602369153331090645e+00
-1.602742965000701236e+00
-1.602775276076088717e+00
-1.602402357641161235e+00
-1.604373322401551949e+00
-1.603856492820231461e+00
-1.606202392986919580e+00
-1.602364365401341306e+00
-1.602994096359518394e+00
-1.602426212935989858e+00
-1.602569638012092401e+00
-1.604758738100401594e+00
-1.604523175169562554e+00
-1.604840467813326788e+00
-1.604256568701579289e+00
-1.604728472602344524e+00
-1.602753839114658740e+00
-1.602667024654599093e+00
-1.602394541424906782e+00
-1.603598739229538994e+00
-1.603435366724417666e+00
-1.603289726094166534e+00
-1.603301590054263093e+00
-1.602394651287333938e+00
-1.602367317631294474e+00
-1.602750231579403772e+00
-1.604374869533577996e+00
-1.604958844890004954e+00
-1.605031502060262794e+00
-1.602834061344028171e+00
-1.603193898618450186e+00
-1.602460457324128784e+00
-1.606267875504244103e+00
-1.602638212376261251e+00
-1.603676831722580243e+00
-1.603046301902016024e+00
-1.602446038296603259e+00
-1.602457707816920873e+00
-1.602361480450262166e+00
-1.602902547198010064e+00
-1.602483295696333077e+00
-1.602651756838913588e+00
-1.603928964186444039e+00
-1.604662738783571685e+00
-1.603292207295636373e+00
-1.602457506390944308e+00
-1.605030005146290017e+00
-1.602396944192639783e+00
-1.604280949124356814e+00
-1.603598050630687943e+00
-1.602442986912272938e+00
-1.602452839693197850e+00
-1.602731500779752016e+00
-1.602811174137673378e+00
-1.603375239186935142e+00
-1.602676998198021341e+00
-1.602473946418721207e+00
-1.603173765153332875e+00
-1.606144823162990232e+00
-1.605775827304682046e+00
-1.605142854148629228e+00
-1.602449139271510781e+00
-1.602955486822839282e+00
-1.602394371165710929e+00
-1.603247814744485078e+00
-1.603245732719264405e+00
-1.603327488399495238e+00
-1.602507155562127750e+00
-1.602435792661735858e+00
-1.604077795104820403e+00
-1.604390146218424684e+00
-1.602392602361334628e+00
-1.606339313243241307e+00
-1.606015628050656563e+00
-1.603438875408127906e+00
-1.606353099177744381e+00
-1.603979638248055783e+00
-1.602496855727706837e+00
-1.602985630493490188e+00
-1.602671809509062184e+00
-1.602472733134747473e+00
-1.602899619370649953e+00
-1.604098592290063241e+00
-1.606446207935910531e+00
-1.603918613249869063e+00
-1.606381450662007326e+00
-1.602728665660405394e+00
-1.603621114788504221e+00
-1.602866389062627572e+00
-1.605088622737805837e+00
-1.602390527185323155e+00
-1.602362443932647595e+00
-1.602406969629058375e+00
-1.602477275677287594e+00
-1.602530388028229114e+00
-1.604862764388679253e+00
-1.602488675645854732e+00
-1.602400028240429153e+00
-1.604206464812705013e+00
-1.602540070995185806e+00
-1.602525063498450031e+00
-1.604582533025577851e+00
-1.603771269159231183e+00
-1.603418208419428392e+00
-1.603164123441431999e+00
-1.602515105563334430e+00
-1.602641132815136649e+00
-1.604233558443580066e+00
-1.602709241605804191e+00
-1.602769803245513547e+00
-1.602364560075684397e+00
-1.602705849595191800e+00
-1.602435062128508170e+00
-1.602438219720461410e+00
-1.602600390312762579e+00
-1.603299370145186975e+00
-1.605859482171634989e+00
-1.602392268044542156e+00
-1.606472404536848364e+00
-1.602741669643964695e+00
-1.602618350802360592e+00
-1.602447452784799387e+00
-1.603128719325527696e+00
-1.602470529956811163e+00
-1.606459294182942532e+00
-1.602648809872499136e+00
-1.602560228373779205e+00
-1.602674933938951440e+00
-1.604504147726719676e+00
-1.605912819593673824e+00
-1.602693662335458624e+00
-1.604042918032429377e+00
-1.605534341540771015e+00
-1.602360783995105509e+00
-1.603295798250011783e+00
-1.604988885637696372e+00
-1.604430827258516601e+00
-1.605262468875145121e+00
-1.603233303193125847e+00
-1.602557021164376261e+00
-1.603035943981869771e+00
-1.604112491696189746e+00
-1.606126180934653647e+00
-1.603692487838507263e+00
-1.602404788729779650e+00
-1.604145081185357924e+00
-1.603409263454114386e+00
-1.604338444331715019e+00
-1.605342177382748758e+00
-1.603789092567591057e+00
-1.603653812200678264e+00
-1.602435451436883929e+00
-1.602769749341975913e+00
-1.602602747708779640e+00
