-2.519903347575849661e+00
-6.156587063672436244e-01
-6.959168842461084248e-01
-2.413872476242165277e+00
-2.244179957481963417e+00
-1.900202803792309103e+00
-2.030266762205350073e+00
-1.218939307696513819e+00
-2.377572318968229848e+00
-2.089873622986831769e+00
-2.047415943367195901e+00
-1.809962314639411929e+00
-2.093006598802767737e+00
-2.396623136124433451e+00
-1.048506020808039452e+00
-2.972358535854474848e+00
-1.995579939844315254e+00
-7.553611064020551158e-01
-2.482460580733054645e+00
-1.054139780189720987e+00
-9.963304991072327033e-01
-2.238232976320723822e+00
-1.818172241631401675e+00
-2.048135239085893122e+00
-1.334481499050873765e+00
-7.846500363790572807e-01
-2.218460635356590327e+00
-9.186880020594434537e-01
-1.911144710264735647e+00
-2.139307144070534239e+00
-1.954847337384286732e+00
-1.934414743360554301e+00
-2.048154098048821314e+00
-1.836432381847479700e+00
-1.872201316158834672e+00
-2.020488037024215089e+00
-2.012270303291852525e+00
-2.148982171968074617e+00
-1.981132219375104864e+00
-2.210484264806487964e+00
-2.151456626071605704e+00
-3.227857562670990887e+00
-1.614488616816941224e+00
-1.610037876727078876e+00
-1.602782237484923211e+00
-1.614488774044376518e+00
-1.602443497076059709e+00
-1.602441285795520587e+00
-1.604166755189618820e+00
-1.610058016292321259e+00
-1.605028532554343190e+00
-1.609952471824947828e+00
-1.614549231240123728e+00
-1.602744364788798004e+00
-1.602792675905654107e+00
-1.614532327688639857e+00
-1.605276319960513121e+00
-1.604119307433691244e+00
-1.610441638855515167e+00
-1.610066126125030417e+00
-1.602930288466665409e+00
-1.614655982941922474e+00
-1.614418712222063679e+00
-1.614650522730391780e+00
-1.610083687472667613e+00
-1.610433037582480020e+00
-1.602383431027987859e+00
-1.609983082845196867e+00
-1.602390628330520483e+00
-1.614455964781004615e+00
-1.614418614915073213e+00
-1.604443467764192555e+00
-1.603068774684122344e+00
-1.610289259703205689e+00
-1.603136790689915880e+00
-1.602369049766193765e+00
-1.602484615592837391e+00
-1.610505106115494911e+00
-1.602673184632310344e+00
-1.604992393411859064e+00
-1.603471195232843094e+00
-1.602583673231332329e+00
-1.614717619071772248e+00
-1.602427526626688081e+00
-1.605644477163503447e+00
-1.604006160203068410e+00
-1.609961547635379020e+00
-1.605506474481056767e+00
-1.603214719426474755e+00
-1.610139677471589703e+00
-1.614516161697184593e+00
-1.614481523388390904e+00
-1.614601285823538346e+00
-1.602464748421104312e+00
-1.610251270243155508e+00
-1.604584481143332964e+00
-1.610100890472141666e+00
-1.614598660658285612e+00
-1.603086499851992475e+00
-1.614415337668660078e+00
-1.602490295732676318e+00
-1.604083608540385342e+00
-1.610122439145102113e+00
-1.604382050370915413e+00
-1.609976844263175000e+00
-1.614430905274722550e+00
-1.602363105875957761e+00
-1.603335369545658695e+00
-1.610038070453655656e+00
-1.603153605316852692e+00
-1.609941053657781396e+00
-1.602582833298215048e+00
-1.602871655971208398e+00
-1.602398902067698527e+00
-1.602749717683192188e+00
-1.610113625488669653e+00
-1.602896048044307742e+00
-1.610140061940601663e+00
-1.602428349373910432e+00
-1.603784533550084879e+00
-1.602482815856991705e+00
-1.605107369904571923e+00
-1.610093405354364071e+00
-1.602883027141903671e+00
-1.602400274572043148e+00
-1.604797435639202963e+00
-1.602994120484110052e+00
-1.603252783080640453e+00
-1.604082030102266465e+00
-1.614500164120715286e+00
-1.614447711540998753e+00
-1.602559446378195585e+00
-1.604829818292172527e+00
-1.610423829126922390e+00
-1.602442846272485566e+00
-1.610101553946745145e+00
-1.602518247444139066e+00
-1.603430717413141915e+00
-1.609969866292813689e+00
-1.610515144486481587e+00
-1.602685983632818889e+00
-1.614449967862789492e+00
-1.602775554794387602e+00
-1.602513635736794173e+00
-1.604159313509422757e+00
-1.606394004867395031e+00
-1.614426972686973771e+00
-1.610110870372272185e+00
-1.602435934150638674e+00
-1.602906373135833729e+00
-1.614421168989807809e+00
-1.604010348069477176e+00
-1.610006607535901857e+00
-1.610235359135732125e+00
-1.603362877413307075e+00
-1.604386248235877721e+00
-1.605526619135656974e+00
-1.602694972389516082e+00
-1.603125996433161671e+00
-1.614493307890885410e+00
-1.602367650466303584e+00
-1.602618986679913204e+00
-1.610205467449995487e+00
-1.610028872400605549e+00
-1.602941014321135560e+00
-1.610469488965146523e+00
-1.602394542981641523e+00
-1.602462528395459440e+00
-1.602821501606361609e+00
-1.602513076621818522e+00
-1.602373169140762998e+00
-1.610400800989615577e+00
-1.603628037093183911e+00
-1.602421269583219399e+00
-1.602405396849951646e+00
-1.603266892603770755e+00
-1.603342791119584998e+00
-1.604773760648421810e+00
-1.603937714227694711e+00
-1.602511254151251396e+00
-1.602898074170297393e+00
-1.602658463762335561e+00
-1.602397810362367725e+00
-1.602599024104844450e+00
-1.603390019277949996e+00
-1.603845733173172139e+00
-1.603091214685083532e+00
-1.602813225920130424e+00
-1.605959244196223823e+00
-1.602588970233303822e+00
-1.603194335370521806e+00
-1.610239482657416232e+00
-1.603740119427919275e+00
-1.614644160714061139e+00
-1.602389948434273848e+00
-1.610161380954274524e+00
-1.602628297935527524e+00
-1.610158027942764525e+00
-1.602625038937875557e+00
-1.602628869334039585e+00
-1.602902658338487996e+00
-1.602453543433699501e+00
-1.605065073456963587e+00
-1.603760044723907097e+00
-1.603667059821761942e+00
-1.610644269788059413e+00
-1.609991342758535282e+00
-1.602570338065788302e+00
-1.610100602492478883e+00
-1.602472130600482325e+00
-1.610045733435107707e+00
-1.604825618201402015e+00
-1.602407219259172066e+00
-1.604676351952459612e+00
-1.602763770170654967e+00
-1.603290224067614123e+00
-1.605414140985383931e+00
-1.604201188715606685e+00
-1.602606051419080080e+00
-1.603217185467341377e+00
-1.602487036419221633e+00
-1.602415733007650500e+00
-1.602362072400648207e+00
-1.602470195442285528e+00
-1.603307552866653607e+00
-1.610014773314432990e+00
-1.602628120907472420e+00
-1.603897603604376831e+00
-1.604361341202712898e+00
-1.603735881498802751e+00
-1.605016345820220014e+00
-1.610067632870354482e+00
-1.602816914440436724e+00
-1.603207034196873160e+00
-1.614444008822677024e+00
-1.610087910500269670e+00
-1.602419335513349141e+00
-1.603950131491391096e+00
-1.602386105639234337e+00
-1.604499137905637474e+00
-1.610016330253205341e+00
-1.602526639938272934e+00
-1.602816790332090680e+00
-1.609988332095033003e+00
-1.602654583766289109e+00
-1.604980440602453928e+00
-1.602598668931810799e+00
-1.602815816141082594e+00
-1.603043220680664183e+00
-1.605597129163550241e+00
-1.602752565135212359e+00
-1.602547823670004590e+00
-1.603154885376285810e+00
-1.602373628512234527e+00
-1.602965528916485471e+00
-1.602434846672784907e+00
-1.603743685750130155e+00
-1.602656806902395203e+00
-1.603773435128139635e+00
-1.603419495590200361e+00
-1.604919117819849417e+00
-1.604193887327522772e+00
-1.602608684286003005e+00
-1.602881356355019715e+00
-1.602759830889395776e+00
-1.602783855095125221e+00
-1.602855048578379682e+00
-1.602448875623853075e+00
-1.604726199382529028e+00
-1.605309831980563873e+00
-1.602459122930420143e+00
-1.602359236264886189e+00
-1.605305901227916276e+00
-1.602411776332981930e+00
-1.602635624183047058e+00
-1.604317906118950754e+00
-1.602508415414086063e+00
-1.605188347506509183e+00
-1.603196227272589036e+00
-1.602474206799075152e+00
-1.602677283376083395e+00
-1.605363391335800527e+00
-1.605586282806711784e+00
-1.602420027258097068e+00
-1.609986466468156241e+00
-1.603329193602468949e+00
-1.603107990028952212e+00
-1.602373440838780416e+00
-1.602623609690233986e+00
-1.606057117125761602e+00
-1.603398855719649685e+00
-1.602875827503397188e+00
-1.602636417739321306e+00
-1.606158829832032842e+00
-1.602571847014103268e+00
-1.602397765383097417e+00
-1.603108074963002672e+00
-1.605484127659123850e+00
-1.603988207011947109e+00
-1.602560952396455463e+00
-1.602736068914174528e+00
-1.602887506408090523e+00
-1.602887976583778018e+00
-1.605807191159086100e+00
-1.604397984824177392e+00
-1.606163270634387352e+00
-1.602694263229661242e+00
-1.602419754316535716e+00
-1.602472383711019077e+00
-1.602525519755628514e+00
-1.605646575426843192e+00
-1.602671549560392705e+00
-1.602449130229059771e+00
-1.603140988512398390e+00
-1.602432337156880937e+00
-1.603141907982086334e+00
-1.603391111803379676e+00
-1.602414587359104470e+00
-1.602395444874478603e+00
-1.603724791548945872e+00
-1.604379485113765602e+00
-1.602371769033232862e+00
-1.603140476281835980e+00
-1.602425777527251016e+00
-1.602449085933854267e+00
-1.610645502202728396e+00
-1.603573369058853171e+00
-1.602909408023267090e+00
-1.602906993742418740e+00
-1.609997830006479669e+00
-1.610619657066417743e+00
-1.604275304972133442e+00
-1.602360136287799941e+00
-1.602818413024131194e+00
-1.602732847381111769e+00
-1.605538880905684751e+00
-1.602563609946108691e+00
-1.602475681458112700e+00
-1.602811016614508199e+00
-1.604740584492790001e+00
-1.605641684857251894e+00
-1.604826360851266065e+00
-1.602406870478104040e+00
-1.603416909774948440e+00
-1.602619112260520895e+00
-1.602373182643626492e+00
-1.605245836639329182e+00
-1.602639514234351470e+00
-1.604685965496039701e+00
-1.602398349643950892e+00
-1.603494517050925383e+00
-1.602754219416046899e+00
-1.603025914461259971e+00
-1.605259515304996221e+00
-1.606495001761952590e+00
-1.604247091280484927e+00
-1.602471905995172419e+00
-1.602551042098238065e+00
-1.602516967922652746e+00
-1.602408022692536349e+00
-1.602497540819306954e+00
-1.604817962437091960e+00
-1.602487945844505601e+00
-1.603996561491075612e+00
-1.605535894339234382e+00
-1.604912334415230513e+00
-1.602408116963604856e+00
-1.602527187927033525e+00
-1.603220673085904213e+00
-1.602738680169940810e+00
-1.602803776735272745e+00
-1.602648602201777406e+00
-1.602441694695012187e+00
-1.603137704814247666e+00
-1.602510509525230109e+00
-1.605719205699372543e+00
-1.603371531063490174e+00
-1.602679344779019965e+00
-1.602683745872182763e+00
-1.602390893676814310e+00
-1.602537970414464885e+00
-1.602882041155476278e+00
-1.605866343802318852e+00
-1.602622201172803962e+00
-1.603966740391819856e+00
-1.602645833395821562e+00
-1.603431629377224388e+00
-1.604625586240679302e+00
-1.603114659486031490e+00
-1.602511465423982040e+00
-1.604761218489251684e+00
-1.602438214968415764e+00
-1.603226204427106394e+00
-1.604292339461075301e+00
-1.603602372336416559e+00
-1.603281930320496151e+00
-1.602826818644844886e+00
-1.602653763942918141e+00
-1.606298997407837659e+00
-1.603724563065883624e+00
-1.602385607510424359e+00
-1.603210743444458464e+00
-1.602769458508349842e+00
-1.602989624283462256e+00
-1.602669504194006667e+00
-1.602554243346160812e+00
-1.604633151633142241e+00
-1.603828266225639121e+00
-1.603799665467105173e+00
-1.603744502125435512e+00
-1.602724524644107307e+00
-1.602451961256649238e+00
-1.602884855131083031e+00
-1.603087170410748996e+00
-1.604669707631851017e+00
-1.602382927297406612e+00
-1.602368767043259590e+00
-1.602644972964995418e+00
-1.602592331872035203e+00
-1.602564194527248409e+00
-1.602454564073701793e+00
-1.602562716042424285e+00
-1.603116478212834428e+00
-1.605037924995870613e+00
-1.602469595279541359e+00
-1.603159566424554594e+00
-1.602500487374419746e+00
-1.606158698510760985e+00
-1.602375628948829567e+00
-1.602511770171683336e+00
-1.603079053754254968e+00
-1.602438798576636181e+00
-1.602983910796153655e+00
-1.604231311686365347e+00
-1.602650842306041268e+00
-1.603871488732602879e+00
-1.604626301753212081e+00
-1.602948934849617757e+00
-1.602442310133401770e+00
-1.603959573580279852e+00
-1.602535358690074796e+00
-1.604917827297021482e+00
-1.602464166724057559e+00
-1.606179690605324284e+00
-1.602488071854629936e+00
-1.602861901467563577e+00
-1.602496576986589538e+00
-1.602463902136088914e+00
-1.603102403595901615e+00
-1.602565844386964589e+00
-1.602991301705350313e+00
-1.606465349710969992e+00
-1.602511446794253391e+00
-1.602442112024596410e+00
-1.602385354252466865e+00
-1.602948527684304958e+00
-1.602693078563977025e+00
-1.604357211789442683e+00
-1.604124658422532157e+00
-1.602483972794195077e+00
-1.602993063153142161e+00
-1.602492293655309652e+00
-1.604051529978625767e+00
-1.605638755145916807e+00
-1.605030752064108057e+00
-1.603305722184141136e+00
-1.603355545092234324e+00
-1.603318524563878578e+00
-1.602794736635813289e+00
-1.602907619951708940e+00
-1.605243363498156439e+00
-1.604770645999138656e+00
-1.602368308006085318e+00
-1.605932248197704970e+00
-1.605190558660806843e+00
-1.602975645473697863e+00
-1.604484112642008853e+00
-1.602380667768607880e+00
-1.602389770012260684e+00
-1.602654219909512401e+00
-1.602761348884626402e+00
-1.602432015551945810e+00
-1.602552132698714216e+00
-1.606444624823581746e+00
-1.602377025698709545e+00
-1.602568562999861168e+00
-1.602577894590211605e+00
-1.602477847003637601e+00
-1.603548509593995419e+00
-1.602454665065203177e+00
-1.602808379409899731e+00
-1.603976224597489786e+00
-1.602456794613682733e+00
-1.602373215492387537e+00
-1.602366301709081231e+00
-1.604254243832830884e+00
-1.605095582938887544e+00
-1.602532484829732207e+00
-1.603365066534627514e+00
-1.602817009860434849e+00
-1.603317881927587063e+00
-1.602409440857630818e+00
-1.602546359956053434e+00
-1.602608102006419788e+00
-1.602844703212923605e+00
-1.603110806466798266e+00
-1.603872303613959938e+00
-1.603410432537950792e+00
-1.603128543496376901e+00
-1.605044877883083032e+00
-1.605519677326729289e+00
-1.603498011452963778e+00
-1.604357055142666688e+00
-1.602493110374237251e+00
-1.602945757601640375e+00
-1.606287179910556695e+00
-1.606161130707969731e+00
-1.602758661601067169e+00
-1.604060848394385452e+00
-1.603650196478071610e+00
-1.602508525387249305e+00
-1.603896464797849086e+00
-1.603034133446643583e+00
-1.602395535179031549e+00
-1.602760022831646758e+00
-1.604885775092237399e+00
-1.602705685581732986e+00
-1.602416504181567669e+00
-1.602392287728208853e+00
-1.603881071235718769e+00
-1.603188401892118753e+00
-1.603877753828520270e+00
-1.602538631093576527e+00
-1.602360832882609554e+00
-1.603363337408733491e+00
-1.605733788604831513e+00
-1.604865903124395921e+00
-1.604993072601061721e+00
-1.603401181096688832e+00
-1.603464674213850749e+00
-1.605575841220090227e+00
-1.603138988747559779e+00
-1.602534648473949996e+00
-1.605048388202898302e+00
-1.603321023086334396e+00
-1.603167130412029406e+00
-1.602577210974722055e+00
-1.602510177633917454e+00
-1.604003545837668021e+00
-1.603871128113945499e+00
-1.603181433224189378e+00
-1.602490903418271939e+00
-1.602549980576727595e+00
-1.603704507269814616e+00
-1.602446326312589653e+00
-1.603025100705306016e+00
-1.605501749867789263e+00
-1.603420584922773395e+00
-1.602445153101091480e+00
-1.602454462478569264e+00
-1.603109132268242476e+00
-1.602579471610459994e+00
-1.603941969685855451e+00
-1.602928200404885040e+00
-1.602596534117892491e+00
-1.602442447455974861e+00
-1.604207554134512659e+00
-1.603093902739875176e+00
-1.603324412205418437e+00
-1.602416694970242528e+00
-1.602390771126937175e+00
-1.603936877027737795e+00
-1.602383089454539666e+00
-1.605054025199582401e+00
-1.606370392329667718e+00
-1.602588896821709685e+00
-1.602681361518696557e+00
-1.602380714399239681e+00
-1.602838653502133504e+00
-1.604489502429430559e+00
-1.605033847746545561e+00
-1.602646805772027783e+00
-1.602616863850403472e+00
-1.602692147086608232e+00
-1.603218564148766845e+00
-1.603050320635984960e+00
-1.604164421675023933e+00
-1.602429135233783386e+00
-1.605344514692904401e+00
-1.602371067782873526e+00
-1.602529642803458554e+00
-1.602360026342450894e+00
-1.605339865524168852e+00
-1.603453344539322423e+00
-1.604627155242985159e+00
-1.603593809112390467e+00
-1.602790126627882561e+00
-1.603314791261603256e+00
-1.605362307422879109e+00
-1.602628205273951112e+00
