-6.319947580645161045e-01
-5.933558467741933962e-01
-5.677460685483868286e-01
-6.103267137096771711e-01
-7.575740927419355453e-01
-6.781690524193548786e-01
-6.019091733870967076e-01
-5.184266129032257808e-01
-5.695605846774194347e-01
-5.049136088709677006e-01
-6.750238911290321608e-01
-7.164096774193550177e-01
-5.112039314516129140e-01
-5.740363911290321530e-01
-5.031846774193547978e-01
-4.766425403225806323e-01
-6.575189516129029688e-01
-6.333254032258065491e-01
-5.812590725806450198e-01
-3.914310483870968027e-01
-4.942330645161290281e-01
-3.828777217741935468e-01
-4.044601814516129434e-01
-3.851407258064516448e-01
-4.265265120967742796e-01
-5.857348790322580712e-01
-4.390215725806451696e-01
-5.193589717741935452e-01
-3.991878024193549201e-01
-4.479731854838709948e-01
-4.617988911290322185e-01
-4.734973790322580256e-01
-4.027312499999999851e-01
-3.823938508064515518e-01
-3.322778225806451990e-01
-4.386232862903226004e-01
-3.295309475806452171e-01
-3.823938508064515518e-01
-3.471214717741936129e-01
-3.748584677419355415e-01
-4.251102822580644647e-01
-2.774646169354839098e-01
-3.083969758064515898e-01
-3.457052419354838535e-01
-4.224489919354838530e-01
-2.286792338709677797e-01
-3.187648185483870633e-01
-3.585985887096774238e-01
-2.999292338709677042e-01
-3.527921370967742054e-01
-2.810582661290322304e-01
-2.752518145161289564e-01
-3.094149193548387244e-01
-3.609471774193548921e-01
-3.070663306451612562e-01
-3.567840725806450952e-01
-2.832710685483870727e-01
-2.711742943548386964e-01
-2.259323588709677422e-01
-2.774646169354838543e-01
-2.549999999999999489e-01
-1.909726814516128635e-01
-3.316581653225805781e-01
-2.097580645161290502e-01
-3.058714717741935485e-01
-2.532710685483871571e-01
-2.147679435483870469e-01
-1.954484879032258038e-01
-2.366129032258064147e-01
-2.168951612903225190e-01
-2.546017137096774352e-01
-2.877468749999999575e-01
-2.174292338709677419e-01
-1.398387096774192928e-01
-3.061339717741935473e-01
-3.056501008064515523e-01
-2.393597782258063966e-01
-1.788759072580644871e-01
-2.231854838709677602e-01
-2.227871975806451632e-01
-2.801259072580644660e-01
-1.770613911290322695e-01
-2.110887096774193561e-01
-1.989919354838709242e-01
-1.864968750000000064e-01
-2.263306451612902837e-01
-1.820210685483870938e-01
-2.052822580645161099e-01
-2.142338709677419073e-01
-1.716532258064516203e-01
-1.640322580645161010e-01
-1.595564516129032440e-01
-2.276612903225806450e-01
-2.491935483870967860e-01
-2.155645161290322409e-01
-2.685130040322580847e-01
-1.366935483870967416e-01
-1.636339717741935040e-01
-1.882258064516128815e-01
-2.250000000000000056e-01
-1.506048387096773911e-01
-2.092741935483870552e-01
-1.792741935483871119e-01
-2.151662298387096994e-01
-1.927016129032257385e-01
-1.640322580645160733e-01
-1.156451612903225679e-01
-1.824193548387096908e-01
-2.397580645161290491e-01
-1.245967741935483791e-01
-1.971774193548387344e-01
-2.370967741935484097e-01
-1.653629032258064069e-01
-2.021370967741935587e-01
-1.519354838709677524e-01
-1.214516129032257863e-01
-1.900403225806451823e-01
-1.582258064516128548e-01
-1.474596774193548399e-01
-1.308870967741934954e-01
-1.761290322580644496e-01
-1.550806451612903036e-01
-8.516129032258064335e-02
-2.092741935483870830e-01
-1.232661290322580178e-01
-1.550806451612903036e-01
-1.716532258064515926e-01
-1.124999999999999889e-01
-1.927016129032257941e-01
-1.487903225806451735e-01
-1.201209677419354527e-01
-8.516129032258062947e-02
-1.245967741935483653e-01
-1.716532258064515648e-01
-8.068548387096773078e-02
-8.516129032258062947e-02
-1.671774193548387355e-01
-1.366935483870967416e-01
-1.487903225806451180e-01
-8.068548387096773078e-02
-1.595564516129032162e-01
-1.156451612903225679e-01
-1.035483870967741638e-01
-1.837499999999999412e-01
-1.353629032258064357e-01
-1.169758064516128737e-01
-1.366935483870967416e-01
-1.640322580645161010e-01
-1.138306451612903086e-01
-1.245967741935483791e-01
-1.277419354838709165e-01
-1.214516129032257863e-01
-7.306451612903225312e-02
-1.366935483870967694e-01
-6.096774193548386983e-02
-5.467741935483871191e-02
-1.124999999999999750e-01
-7.754032258064515182e-02
-1.201209677419354527e-01
-8.649193548387096309e-02
-6.096774193548386983e-02
-1.156451612903225401e-01
-6.991935483870967416e-02
-6.544354838709677546e-02
-1.080241935483870624e-01
-7.306451612903225312e-02
-9.544354838709677435e-02
-7.754032258064516570e-02
-1.201209677419354527e-01
-3.495967741935483708e-02
-1.156451612903225540e-01
-1.201209677419354388e-01
-7.439516129032258673e-02
-8.068548387096773078e-02
-6.858870967741935443e-02
-6.544354838709677546e-02
-8.649193548387096309e-02
-6.991935483870967416e-02
-1.017338709677419184e-01
-7.439516129032258673e-02
-9.278225806451612101e-02
-3.810483870967741604e-02
-1.004032258064515848e-01
-1.201209677419354804e-01
-1.048790322580645112e-01
-8.068548387096773078e-02
-1.308870967741935232e-01
-7.306451612903225312e-02
-4.258064516129032168e-02
-1.456451612903226223e-01
-6.991935483870967416e-02
-8.516129032258064335e-02
-9.278225806451610713e-02
-9.411290322580645462e-02
-5.334677419354838523e-02
-1.156451612903225401e-01
-9.278225806451612101e-02
-7.306451612903225312e-02
-5.334677419354838523e-02
-6.229838709677419650e-02
-7.572580645161290647e-02
-6.544354838709677546e-02
-4.258064516129032168e-02
-5.020161290322580627e-02
-6.096774193548386983e-02
-5.915322580645161754e-02
-4.258064516129032168e-02
-5.020161290322580627e-02
-1.524193548387096746e-02
-4.572580645161290064e-02
-1.004032258064515987e-01
-5.020161290322580627e-02
-5.782258064516129087e-02
-5.020161290322580627e-02
-7.754032258064515182e-02
-7.439516129032258673e-02
-8.068548387096773078e-02
-6.096774193548386983e-02
-6.991935483870967416e-02
-7.754032258064516570e-02
-5.782258064516129087e-02
-6.991935483870967416e-02
-8.068548387096773078e-02
-5.782258064516129087e-02
-6.991935483870967416e-02
-3.810483870967741604e-02
-7.125000000000000777e-02
-6.096774193548386983e-02
-5.020161290322580627e-02
-5.915322580645161754e-02
-5.020161290322580627e-02
-5.782258064516129087e-02
-3.495967741935483708e-02
-5.782258064516129087e-02
-3.048387096774193492e-02
-8.068548387096773078e-02
-5.782258064516129087e-02
-4.572580645161290064e-02
-3.048387096774193492e-02
-3.495967741935483708e-02
-2.733870967741935595e-02
-4.572580645161290064e-02
-5.020161290322580627e-02
-3.048387096774193492e-02
-1.524193548387096746e-02
-6.677419354838709520e-02
-1.524193548387096746e-02
-4.572580645161290064e-02
-5.334677419354838523e-02
-3.048387096774193492e-02
-2.286290322580645032e-02
-3.048387096774193492e-02
-2.286290322580645032e-02
-8.201612903225806439e-02
-7.620967741935483729e-03
-1.524193548387096746e-02
-3.810483870967741604e-02
-1.524193548387096746e-02
-6.096774193548386983e-02
-6.991935483870967416e-02
-3.048387096774193492e-02
-3.048387096774193492e-02
-3.943548387096774271e-02
-3.048387096774193492e-02
-3.810483870967741604e-02
-3.048387096774193492e-02
-5.334677419354838523e-02
-1.524193548387096746e-02
-2.286290322580645032e-02
-5.334677419354838523e-02
0.000000000000000000e+00
-7.620967741935483729e-03
-1.524193548387096746e-02
-2.286290322580645032e-02
-3.810483870967741604e-02
-2.286290322580645032e-02
-3.048387096774193492e-02
-3.810483870967741604e-02
-3.810483870967741604e-02
-1.524193548387096746e-02
-4.705645161290322731e-02
-2.286290322580645032e-02
-3.495967741935483708e-02
-1.524193548387096746e-02
-1.524193548387096746e-02
-2.286290322580645032e-02
-3.048387096774193492e-02
-2.286290322580645032e-02
-5.020161290322580627e-02
-1.524193548387096746e-02
-3.048387096774193492e-02
-3.048387096774193492e-02
-1.524193548387096746e-02
-4.572580645161290064e-02
-3.048387096774193492e-02
-5.020161290322580627e-02
-2.286290322580645032e-02
-2.286290322580645032e-02
-7.620967741935483729e-03
-3.048387096774193492e-02
-1.524193548387096746e-02
-1.524193548387096746e-02
-2.733870967741935595e-02
-3.495967741935483708e-02
-7.620967741935483729e-03
-1.524193548387096746e-02
-1.524193548387096746e-02
-2.286290322580645032e-02
-3.495967741935483708e-02
-2.286290322580645032e-02
0.000000000000000000e+00
-7.620967741935483729e-03
-3.048387096774193492e-02
-2.733870967741935595e-02
-3.048387096774193492e-02
0.000000000000000000e+00
-1.524193548387096746e-02
-1.524193548387096746e-02
-1.524193548387096746e-02
-3.048387096774193492e-02
-1.209677419354838850e-02
-1.524193548387096746e-02
-1.524193548387096746e-02
-1.524193548387096746e-02
-2.286290322580645032e-02
-7.620967741935483729e-03
0.000000000000000000e+00
-1.524193548387096746e-02
-7.620967741935483729e-03
-2.286290322580645032e-02
-7.620967741935483729e-03
0.000000000000000000e+00
-7.620967741935483729e-03
-7.620967741935483729e-03
0.000000000000000000e+00
-7.620967741935483729e-03
0.000000000000000000e+00
-1.524193548387096746e-02
-2.286290322580645032e-02
-1.524193548387096746e-02
0.000000000000000000e+00
-1.524193548387096746e-02
-7.620967741935483729e-03
-7.620967741935483729e-03
-1.524193548387096746e-02
-7.620967741935483729e-03
0.000000000000000000e+00
-1.524193548387096746e-02
-1.524193548387096746e-02
-2.286290322580645032e-02
-2.286290322580645032e-02
-7.620967741935483729e-03
0.000000000000000000e+00
-1.524193548387096746e-02
-1.524193548387096746e-02
-7.620967741935483729e-03
-7.620967741935483729e-03
-1.524193548387096746e-02
0.000000000000000000e+00
0.000000000000000000e+00
-1.971774193548387136e-02
-7.620967741935483729e-03
-7.620967741935483729e-03
-7.620967741935483729e-03
-1.524193548387096746e-02
-7.620967741935483729e-03
-1.524193548387096746e-02
-1.524193548387096746e-02
-7.620967741935483729e-03
-7.620967741935483729e-03
-7.620967741935483729e-03
0.000000000000000000e+00
-1.524193548387096746e-02
-2.286290322580645032e-02
0.000000000000000000e+00
-1.524193548387096746e-02
0.000000000000000000e+00
-7.620967741935483729e-03
0.000000000000000000e+00
-7.620967741935483729e-03
-1.524193548387096746e-02
-1.971774193548387136e-02
0.000000000000000000e+00
0.000000000000000000e+00
-7.620967741935483729e-03
0.000000000000000000e+00
0.000000000000000000e+00
0.000000000000000000e+00
-7.620967741935483729e-03
-1.524193548387096746e-02
0.000000000000000000e+00
-1.524193548387096746e-02
-1.524193548387096746e-02
-7.620967741935483729e-03
-7.620967741935483729e-03
-7.620967741935483729e-03
-7.620967741935483729e-03
-2.286290322580645032e-02
-7.620967741935483729e-03
-7.620967741935483729e-03
0.000000000000000000e+00
0.000000000000000000e+00
-7.620967741935483729e-03
-1.209677419354838850e-02
-2.286290322580645032e-02
-7.620967741935483729e-03
-7.620967741935483729e-03
-7.620967741935483729e-03
-7.620967741935483729e-03
-7.620967741935483729e-03
0.000000000000000000e+00
-7.620967741935483729e-03
-7.620967741935483729e-03
-7.620967741935483729e-03
0.000000000000000000e+00
-1.524193548387096746e-02
0.000000000000000000e+00
0.000000000000000000e+00
-7.620967741935483729e-03
0.000000000000000000e+00
-7.620967741935483729e-03
-1.524193548387096746e-02
0.000000000000000000e+00
-7.620967741935483729e-03
0.000000000000000000e+00
0.000000000000000000e+00
0.000000000000000000e+00
-1.524193548387096746e-02
0.000000000000000000e+00
0.000000000000000000e+00
0.000000000000000000e+00
0.000000000000000000e+00
0.000000000000000000e+00
0.000000000000000000e+00
0.000000000000000000e+00
0.000000000000000000e+00
0.000000000000000000e+00
-1.524193548387096746e-02
0.000000000000000000e+00
0.000000000000000000e+00
0.000000000000000000e+00
0.000000000000000000e+00
0.000000000000000000e+00
0.000000000000000000e+00
0.000000000000000000e+00
0.000000000000000000e+00
-1.524193548387096746e-02
0.000000000000000000e+00
0.000000000000000000e+00
-7.620967741935483729e-03
0.000000000000000000e+00
-7.620967741935483729e-03
-7.620967741935483729e-03
0.000000000000000000e+00
0.000000000000000000e+00
0.000000000000000000e+00
0.000000000000000000e+00
0.000000000000000000e+00
0.000000000000000000e+00
-7.620967741935483729e-03
0.000000000000000000e+00
-7.620967741935483729e-03
-7.620967741935483729e-03
-7.620967741935483729e-03
0.000000000000000000e+00
0.000000000000000000e+00
0.000000000000000000e+00
0.000000000000000000e+00
0.000000000000000000e+00
0.000000000000000000e+00
-7.620967741935483729e-03
0.000000000000000000e+00
0.000000000000000000e+00
-7.620967741935483729e-03
0.000000000000000000e+00
0.000000000000000000e+00
0.000000000000000000e+00
0.000000000000000000e+00
0.000000000000000000e+00
-7.620967741935483729e-03
0.000000000000000000e+00
0.000000000000000000e+00
0.000000000000000000e+00
0.000000000000000000e+00
-7.620967741935483729e-03
0.000000000000000000e+00
0.000000000000000000e+00
0.000000000000000000e+00
0.000000000000000000e+00
0.000000000000000000e+00
0.000000000000000000e+00
0.000000000000000000e+00
0.000000000000000000e+00
0.000000000000000000e+00
0.000000000000000000e+00
0.000000000000000000e+00
0.000000000000000000e+00
-7.620967741935483729e-03
0.000000000000000000e+00
0.000000000000000000e+00
0.000000000000000000e+00
0.000000000000000000e+00
0.000000000000000000e+00
0.000000000000000000e+00
0.000000000000000000e+00
-7.620967741935483729e-03
0.000000000000000000e+00
-7.620967741935483729e-03
0.000000000000000000e+00
0.000000000000000000e+00
-7.620967741935483729e-03
0.000000000000000000e+00
0.000000000000000000e+00
0.000000000000000000e+00
0.000000000000000000e+00
0.000000000000000000e+00
-7.620967741935483729e-03
0.000000000000000000e+00
0.000000000000000000e+00
0.000000000000000000e+00
-7.620967741935483729e-03
0.000000000000000000e+00
0.000000000000000000e+00
-7.620967741935483729e-03
0.000000000000000000e+00
0.000000000000000000e+00
-7.620967741935483729e-03
0.000000000000000000e+00
0.000000000000000000e+00
0.000000000000000000e+00
0.000000000000000000e+00
0.000000000000000000e+00
0.000000000000000000e+00
0.000000000000000000e+00
0.000000000000000000e+00
0.000000000000000000e+00
0.000000000000000000e+00
0.000000000000000000e+00
0.000000000000000000e+00
-7.620967741935483729e-03
-7.620967741935483729e-03
0.000000000000000000e+00
0.000000000000000000e+00
0.000000000000000000e+00
0.000000000000000000e+00
-7.620967741935483729e-03
0.000000000000000000e+00
0.000000000000000000e+00
-7.620967741935483729e-03
0.000000000000000000e+00
-7.620967741935483729e-03
-7.620967741935483729e-03
0.000000000000000000e+00
0.000000000000000000e+00
0.000000000000000000e+00
0.000000000000000000e+00
0.000000000000000000e+00
0.000000000000000000e+00
0.000000000000000000e+00
0.000000000000000000e+00
0.000000000000000000e+00
0.000000000000000000e+00
-7.620967741935483729e-03
0.000000000000000000e+00
0.000000000000000000e+00
0.000000000000000000e+00
0.000000000000000000e+00
0.000000000000000000e+00
0.000000000000000000e+00
0.000000000000000000e+00
0.000000000000000000e+00
0.000000000000000000e+00
0.000000000000000000e+00
0.000000000000000000e+00
0.000000000000000000e+00
0.000000000000000000e+00
0.000000000000000000e+00
0.000000000000000000e+00
0.000000000000000000e+00
0.000000000000000000e+00
0.000000000000000000e+00
0.000000000000000000e+00
0.000000000000000000e+00
0.000000000000000000e+00
0.000000000000000000e+00
0.000000000000000000e+00
0.000000000000000000e+00
0.000000000000000000e+00
0.000000000000000000e+00
0.000000000000000000e+00
0.000000000000000000e+00
0.000000000000000000e+00
0.000000000000000000e+00
0.000000000000000000e+00
0.000000000000000000e+00
0.000000000000000000e+00
0.000000000000000000e+00
0.000000000000000000e+00
0.000000000000000000e+00
0.000000000000000000e+00
