-1.072991960600480299e+00
-8.953457148926996512e-01
-2.067543760972714750e+00
-2.416282958007713422e+00
-2.116095168206927113e+00
-2.147405168721235658e+00
-1.984765939155782810e+00
-8.489210831618646536e-01
-2.333542894277404134e+00
-5.315558831280454699e-01
-2.468196050773858730e+00
-2.052973691020056446e+00
-1.339702601243331070e+00
-5.584620059677366521e-01
-1.757821983311045333e+00
-2.058613014406749375e+00
-2.186296450962510907e+00
-1.478566570458739182e+00
-2.309813475882928291e+00
-4.788960224700121171e-01
-1.228945523552295471e+00
-2.120010526618554270e+00
-2.012093965188460398e+00
-2.064193960413995388e+00
-1.484029130988785417e+00
-1.912723636348341971e+00
-2.307089490171313706e+00
-1.389159302160444476e+00
-2.267717982960223644e+00
-2.202726368501614740e+00
-1.541432247423286661e+00
-2.038183348047857280e+00
-1.319141717674702230e+00
-1.913276299484856890e+00
-3.332517554553667161e+00
-1.609962745497120817e+00
-1.605607561768557234e+00
-1.614606740848431032e+00
-1.610288905540038673e+00
-1.609988883878283872e+00
-1.610353416194023835e+00
-1.610070999121804514e+00
-1.610591581402804895e+00
-1.610351304621761015e+00
-1.603424008377651866e+00
-1.602850099356084357e+00
-1.614568719858972656e+00
-1.614687224405447319e+00
-1.602854807284346705e+00
-1.633696802830405082e+00
-1.602420095933701827e+00
-1.602487668771311657e+00
-1.610343837139498024e+00
-1.602954986346595057e+00
-1.614487943401792025e+00
-1.610339078415478520e+00
-1.610190126536670263e+00
-1.605153721174426451e+00
-1.633693775626495093e+00
-1.610309342359364626e+00
-1.603459490709422175e+00
-1.602420669777285811e+00
-1.605134671688536629e+00
-1.604040222171073005e+00
-1.610485227494052651e+00
-1.610190320357817839e+00
-1.605088979978365638e+00
-1.602675060105075877e+00
-1.604094500169594761e+00
-1.610119187909376803e+00
-1.603185283244503490e+00
-1.603955775966828590e+00
-1.614449635887799994e+00
-1.610155513121196647e+00
-1.602684943104280224e+00
-1.602379232830442923e+00
-1.602413736238137210e+00
-1.610140015495637345e+00
-1.610037137611618263e+00
-1.614428154233297441e+00
-1.603575063764500097e+00
-1.602898078909218205e+00
-1.604698102787933012e+00
-1.603248632161118348e+00
-1.604740621471260953e+00
-1.602645474494905242e+00
-1.614496528145318965e+00
-1.609997697523983362e+00
-1.602668597645390269e+00
-1.609943410013605858e+00
-1.603687972177594734e+00
-1.603720637832385609e+00
-1.602405031452658335e+00
-1.602632397618772186e+00
-1.604165190729686552e+00
-1.609944324101148849e+00
-1.602387940289504931e+00
-1.603526867729641259e+00
-1.602441965809030089e+00
-1.602819706278679091e+00
-1.614722056452472021e+00
-1.609944625418903374e+00
-1.602973481435063574e+00
-1.609995329887837556e+00
-1.610455171000672481e+00
-1.604298414770463088e+00
-1.610057280090184673e+00
-1.602483869614284462e+00
-1.604281647621844664e+00
-1.609965699275667239e+00
-1.602888696951234149e+00
-1.605415924092915558e+00
-1.614459787619513476e+00
-1.602401369252406393e+00
-1.602738585346351607e+00
-1.614444277299671660e+00
-1.610271101247535031e+00
-1.602456224806575236e+00
-1.602534371438288918e+00
-1.602365206615906423e+00
-1.602372584978752679e+00
-1.602654397820307830e+00
-1.610031046656872800e+00
-1.609979769892113666e+00
-1.609968953707528794e+00
-1.614726397178315898e+00
-1.602696977883409701e+00
-1.610630331102286039e+00
-1.614412122809970818e+00
-1.602385277346757730e+00
-1.602453061133842782e+00
-1.604440408006969632e+00
-1.602912087050613943e+00
-1.614534506398413782e+00
-1.603346437971911564e+00
-1.614635525160514673e+00
-1.604672542882952913e+00
-1.610225497988189813e+00
-1.610183209611328436e+00
-1.610012145488617819e+00
-1.602388388061226854e+00
-1.614438782213092338e+00
-1.602385444498773737e+00
-1.603191489940450465e+00
-1.603610941606554707e+00
-1.602993935128124381e+00
-1.602579467262082558e+00
-1.603009576873597908e+00
-1.610445943961728910e+00
-1.602369858865852148e+00
-1.602389920567256487e+00
-1.614690153704021469e+00
-1.602361146130152125e+00
-1.605275237661012655e+00
-1.610238588619178346e+00
-1.602914272099898341e+00
-1.605370328401616975e+00
-1.603556977989666121e+00
-1.602383461245218133e+00
-1.602691248422304815e+00
-1.610281498884321705e+00
-1.602572349301583321e+00
-1.602638321129333576e+00
-1.602433961828043429e+00
-1.602536683762232128e+00
-1.614555724186413466e+00
-1.603181489093144174e+00
-1.603801597724639594e+00
-1.602397493586574573e+00
-1.603619724405743296e+00
-1.602699086291182518e+00
-1.610041793237649843e+00
-1.606109559762730399e+00
-1.606131922331029749e+00
-1.603730714743294650e+00
-1.604716364505072823e+00
-1.603680698910809221e+00
-1.605248047901132402e+00
-1.602752103411353435e+00
-1.609957203491279021e+00
-1.602359759206998246e+00
-1.603313055698035061e+00
-1.602902020858946397e+00
-1.603953460761258443e+00
-1.602532650291567551e+00
-1.602883031085307275e+00
-1.602638388098598599e+00
-1.610295388202142686e+00
-1.602413234626726135e+00
-1.610001843436355440e+00
-1.603388691800821553e+00
-1.602523017901722913e+00
-1.610047777571455674e+00
-1.610120065390528099e+00
-1.602424079462480222e+00
-1.602415304147382979e+00
-1.602449879924645826e+00
-1.604463276958411955e+00
-1.602364195946591963e+00
-1.603605533130838534e+00
-1.603413095629876439e+00
-1.604764906197164054e+00
-1.602807166154704310e+00
-1.602382107757812868e+00
-1.602368204279386976e+00
-1.610363041693992692e+00
-1.609998587915669521e+00
-1.604411490165155607e+00
-1.610645480574998567e+00
-1.605127798535858519e+00
-1.602626388748483510e+00
-1.602944386533037280e+00
-1.610587941526427702e+00
-1.602373629362221941e+00
-1.602393345025666438e+00
-1.602746127347990823e+00
-1.602960347712057310e+00
-1.602798633846031606e+00
-1.602512548331916031e+00
-1.610119471738653552e+00
-1.609978840065973138e+00
-1.602715116085634994e+00
-1.602612818703663677e+00
-1.602526748937855849e+00
-1.603883767497995105e+00
-1.603210353220903439e+00
-1.606028957657459788e+00
-1.602618863407695216e+00
-1.602916587521077574e+00
-1.603990343648240335e+00
-1.609960340245073507e+00
-1.602465114898516285e+00
-1.603379551491011856e+00
-1.606142872084354245e+00
-1.614443297104696473e+00
-1.602489920796990042e+00
-1.603461477444210193e+00
-1.605132678061205409e+00
-1.603776282764129313e+00
-1.606037738638105505e+00
-1.602667187833215712e+00
-1.602376926185359318e+00
-1.602408932267755937e+00
-1.609965132843710123e+00
-1.602962487402037617e+00
-1.602565665590422128e+00
-1.604762628585002071e+00
-1.609973882792089306e+00
-1.610034053687137368e+00
-1.602650932931450889e+00
-1.610441972767553853e+00
-1.614534616840143766e+00
-1.602943640338185372e+00
-1.602438571187869254e+00
-1.610520854811230640e+00
-1.602516351487778046e+00
-1.602365872367461197e+00
-1.602497627513216560e+00
-1.602360677449467419e+00
-1.602434103748449079e+00
-1.605249164057927835e+00
-1.603222545642828401e+00
-1.610206781624951899e+00
-1.602807331481056474e+00
-1.603327893364406176e+00
-1.602552016542898583e+00
-1.604538124800194421e+00
-1.602459934897590088e+00
-1.605398538179230838e+00
-1.605433072957960228e+00
-1.603371149112618577e+00
-1.602989064666594299e+00
-1.603253120292428502e+00
-1.602416610510759787e+00
-1.602537892802760933e+00
-1.603903055656471288e+00
-1.603086477948671096e+00
-1.603853202568444436e+00
-1.602649953423318507e+00
-1.602628724773509594e+00
-1.603288828409987765e+00
-1.602362847259372058e+00
-1.602586792257409742e+00
-1.604170931108469533e+00
-1.602476948743106533e+00
-1.603395494044573599e+00
-1.603772947035853713e+00
-1.602584638176248966e+00
-1.603079951831102745e+00
-1.602425056004528336e+00
-1.602900294028601680e+00
-1.603189450579489028e+00
-1.610045068610610031e+00
-1.603637185696945577e+00
-1.602475264564768409e+00
-1.603519156916839439e+00
-1.602409068143066717e+00
-1.610605162936521451e+00
-1.606139971798152377e+00
-1.602524913097634895e+00
-1.602538066386534954e+00
-1.605597912792042781e+00
-1.602974625854332480e+00
-1.603318487457137342e+00
-1.602584372551890013e+00
-1.602699793372217796e+00
-1.604307385321468438e+00
-1.602572651837402606e+00
-1.602632622497913495e+00
-1.602985263639744140e+00
-1.602784362327999590e+00
-1.602623507867294128e+00
-1.610108917329945877e+00
-1.602624357592171478e+00
-1.602442429827491299e+00
-1.602458335017090452e+00
-1.604843906294630029e+00
-1.610090915431245051e+00
-1.603054324558539800e+00
-1.602870600591424610e+00
-1.602546686992829095e+00
-1.602388848749780825e+00
-1.604170343707930879e+00
-1.605290885422979263e+00
-1.603740316138944966e+00
-1.605390585346248900e+00
-1.605118740647945241e+00
-1.602434215156651298e+00
-1.603674473188118954e+00
-1.602769005210567421e+00
-1.605047662095503425e+00
-1.602371895943118796e+00
-1.603795810414842649e+00
-1.602764390706806097e+00
-1.602909643481762902e+00
-1.605444861653721356e+00
-1.602384143678715400e+00
-1.606326106524965214e+00
-1.602531141866932352e+00
-1.602762713803978833e+00
-1.602388575232365442e+00
-1.604669683739961217e+00
-1.606241682209559318e+00
-1.602566800143986336e+00
-1.603352311473688507e+00
-1.602436520059184577e+00
-1.604517546359572444e+00
-1.606073354947670007e+00
-1.605111858770319255e+00
-1.602471056333820254e+00
-1.610508604751803574e+00
-1.603398370764453684e+00
-1.602646074260793974e+00
-1.603418670556713055e+00
-1.606404670982315430e+00
-1.602438072177056139e+00
-1.603043872318427487e+00
-1.602480782808476834e+00
-1.603981593888038404e+00
-1.602849528555183811e+00
-1.602525208146175606e+00
-1.602420715146991359e+00
-1.602406458846138859e+00
-1.602820516245745619e+00
-1.603604395731256904e+00
-1.602395850210404538e+00
-1.610101689505444966e+00
-1.604086163553178457e+00
-1.604794465112149293e+00
-1.605709210984040514e+00
-1.602589213447965122e+00
-1.603845640428955610e+00
-1.605092821536695524e+00
-1.605466598832662850e+00
-1.605073949071561312e+00
-1.604208419408121644e+00
-1.602749157538445601e+00
-1.602763087550479915e+00
-1.602409218141775726e+00
-1.602390766681948575e+00
-1.605577457836831812e+00
-1.602789350130992663e+00
-1.602888279035965091e+00
-1.602360032362610376e+00
-1.602817714129358029e+00
-1.602919400902344416e+00
-1.602385324069334427e+00
-1.605853093415413158e+00
-1.605801192694035429e+00
-1.602620780047747662e+00
-1.603550319710063787e+00
-1.602967249388372650e+00
-1.610091528477617828e+00
-1.603681411251633770e+00
-1.603338720910470805e+00
-1.602394331033587527e+00
-1.602363268532528418e+00
-1.602381823965025376e+00
-1.602937721448304931e+00
-1.602758941645572088e+00
-1.602750511125509369e+00
-1.602812134749239670e+00
-1.602374848801453533e+00
-1.603360390540689684e+00
-1.604469012296800168e+00
-1.602921203474638956e+00
-1.606480421057100871e+00
-1.602450781675971880e+00
-1.604563224920943831e+00
-1.602794317123011014e+00
-1.605863685171282418e+00
-1.602672279241053044e+00
-1.602917408893734796e+00
-1.603321233548256508e+00
-1.603436494214303565e+00
-1.602501846370540273e+00
-1.604462499085637761e+00
-1.604417402184714181e+00
-1.602971438441803897e+00
-1.603704392742964169e+00
-1.605521194677329344e+00
-1.605605099424587401e+00
-1.604082690946015521e+00
-1.605319720480934187e+00
-1.603424589975575021e+00
-1.603512401963948619e+00
-1.602799545978652818e+00
-1.602389313243308244e+00
-1.602359867663782023e+00
-1.605722260432473902e+00
-1.602552411071833882e+00
-1.603314814364032337e+00
-1.603277167318591045e+00
-1.603206654267766540e+00
-1.605060889025571313e+00
-1.602809787971310129e+00
-1.603401162435140970e+00
-1.602700676931057666e+00
-1.602942750971791952e+00
-1.602464306015232376e+00
-1.603648991942240531e+00
-1.603144057237351650e+00
-1.602802627027800852e+00
-1.602692501334416431e+00
-1.602578363855694965e+00
-1.606451162128112342e+00
-1.604142431181405870e+00
-1.603162153249759747e+00
-1.602950763796198830e+00
-1.603425284759149028e+00
-1.604454570960749393e+00
-1.602576543350815452e+00
-1.602653665239322178e+00
-1.602543540521460086e+00
-1.602431072075891416e+00
-1.602810487473454781e+00
-1.605038865061561459e+00
-1.602474017445619570e+00
-1.602766380405871827e+00
-1.605252146991734907e+00
-1.602657095299713230e+00
-1.602407949717019831e+00
-1.603073060170698838e+00
-1.602473490168077053e+00
-1.603282383424686985e+00
-1.602883786912661090e+00
-1.605464661690564121e+00
-1.603112182808039465e+00
-1.606094847172702567e+00
-1.603357385666579704e+00
-1.603429968855824006e+00
-1.602414984702766887e+00
-1.602456645782175615e+00
-1.602628852127813364e+00
-1.602951279936851936e+00
-1.602543504725115087e+00
-1.602862864419882349e+00
-1.604451462133019035e+00
-1.602640080241126030e+00
-1.605540542876570997e+00
-1.602838390898160492e+00
-1.603854944444645936e+00
-1.602408789596319716e+00
-1.602854704238823036e+00
-1.602534700063121154e+00
-1.602366983073030049e+00
-1.602885739307606583e+00
-1.602413350146681514e+00
-1.605550349169910795e+00
-1.602678517872749842e+00
-1.605877267375902528e+00
-1.603005003936941231e+00
-1.602463011269016135e+00
-1.604322776991266908e+00
-1.602432321049023667e+00
-1.602799590151604336e+00
-1.605816151014261894e+00
-1.602639058449412124e+00
-1.604809160813346569e+00
-1.603567712052734739e+00
-1.602416856131358980e+00
-1.603075678584028108e+00
-1.603846601953171636e+00
-1.603805289205674445e+00
-1.602483826182755422e+00
-1.604217602882630489e+00
-1.602542988306416394e+00
-1.602522752860852107e+00
-1.604479352968758432e+00
-1.602986042535504474e+00
-1.602380052516794606e+00
-1.602405325614143505e+00
-1.605867015797135977e+00
-1.605229800880129343e+00
-1.602692277011762423e+00
-1.602361432922994933e+00
-1.603785848799367253e+00
-1.603101161386584650e+00
-1.602794265705421717e+00
-1.605259192560485104e+00
-1.602396439388370508e+00
-1.603743051613378823e+00
-1.604311785780603739e+00
-1.602427764430782053e+00
-1.602425244843561414e+00
-1.602601302411186257e+00
-1.602506357472942344e+00
-1.602407742543101365e+00
-1.603934206678038432e+00
-1.603081244206924882e+00
-1.602691884924286603e+00
-1.602389730430854309e+00
-1.606381665654388335e+00
-1.602500481476452077e+00
-1.604503575769258950e+00
-1.602867080578749270e+00
-1.602702783095059313e+00
-1.603446410069419903e+00
-1.602388154908318763e+00
-1.604209382546118556e+00
-1.602621252088803905e+00
-1.603393792368127180e+00
-1.602411194668398320e+00
-1.602588884523166612e+00
-1.602665058086422345e+00
-1.606495664186210925e+00
-1.603267580812849591e+00
-1.606317987498581124e+00
-1.606159349317701102e+00
-1.603293691052208647e+00
-1.602381871540750735e+00
-1.603840474956949480e+00
-1.602442215892242006e+00
-1.602683658152700641e+00
-1.604687419371534363e+00
-1.604364140789199311e+00
-1.602480631488553353e+00
-1.603001723239420473e+00
-1.603810388172614010e+00
-1.604839157832159913e+00
-1.602697104572078812e+00
-1.602377461990500018e+00
-1.602918291960391928e+00
-1.602610498832743202e+00
-1.602392479725386121e+00
-1.605179054495956548e+00
-1.602737714737854091e+00
-1.603886589957676634e+00
-1.602420889221079170e+00
-1.602576611474404000e+00
-1.603450062716406110e+00
-1.602618151809625635e+00
-1.602419873153925201e+00
-1.602494991346217645e+00
-1.602921995163284707e+00
-1.602603012576177877e+00
-1.602536907202467997e+00
-1.602708355785617877e+00
-1.602474539011570442e+00
-1.603186997460022134e+00
-1.603634674373017432e+00
-1.605216073289376100e+00
-1.602686741137172799e+00
-1.603349221463982177e+00
-1.602380342056066942e+00
-1.602539677233353110e+00
-1.602558682329239037e+00
-1.602467650198418969e+00
-1.603465284106235789e+00
-1.603130315802051120e+00
-1.604147519874994599e+00
-1.602813690182260720e+00
-1.602419926115092652e+00
-1.602549222174328936e+00
-1.602763765088565995e+00
-1.604140368773688152e+00
-1.604499837711377497e+00
-1.606394276391672093e+00
-1.606111685566838920e+00
-1.604965909457134687e+00
